6 44 225
324
324
324
324
324
324
324
324
38123
42206
27987
1970
5396
16226
9202
3545
19798
7394
10004
19242
26338
27830
17482
17482
195
195
195
195
195
195
7632
7632
3166
3166
25869
41630
10075
5360
5360
5360
12645
39684
18953
39398
40893
40895
868
868
868
868
868
868
19311
1975
5210
40317
15647
36339
23679
9859
34335
8680
24098
3710
3710
575
575
575
575
575
575
575
575
575
575
575
2475
35232
32078
19054
5298
33408
7745
17598
3425
1098
4607
6489
20375
8185
1868
1868
7515
14236
27144
39918
17875
2625
24766
1420
11328
11847
2786
8592
7733
1782
1782
556
556
556
556
556
556
556
8469
10281
11567
2091
31732
5145
1152
5269
16117
18153
4408
915
915
915
915
915
915
915
915
915
915
915
1438
355
355
355
355
355
355
27673
35197
8931
8931
8931
28766
28766
42286
39298
8128
589
589
589
589
870
870
870
870
870
870
870
870
870
870
23662
35730
665
665
665
9046
5094
6355
31364
32341
21899
39334
12415
19557
3366
4740
4740
42507
40867
707
707
707
707
707
707
707
166
166
166
166
166
166
166
166
166
166
166
166
166
166
22724
5077
23617
10050
221
221
221
221
221
221
221
221
26787
9956
24963
5667
2891
1790
5365
5365
7220
7220
7220
161
161
161
161
161
161
161
161
161
161
161
161
3093
3093
7703
1053
34614
34614
39585
41706
19809
5274
29751
4513
4513
4513
11122
9123
2956
2956
18229
41477
-17000
-17000
-17000
-17000
-17000
-17000
-17000
-17000
-17000
-17000
-17000
-17000
-17000
-17000
-17000
-17000
-17000
-17000
-17000
-17000
-17000
-17000
-17000
-17000
-17000
-17000
-17000
-17000
-17000
-17000
-17000
-17000
-17000
-17000
-17000
-17000
-17000
-17000
-17000
-17000
-17000
-17000
-17000
-17000
-17000
-17000
-17000
-17000
-17000
-17000
-17000
-17000
-17000
-17000
-17000
-17000
-17000
-17000
-17000
-17000
-17000
-17000
-17000
-17000
-17000
-17000
-17000
-17000
-17000
-17000
-17000
-17000
-17000
-17000
-17000
-17000
-17000
-17000
-17000
-17000
-17000
-17000
-17000
-17000
-17000
-17000
-17000
-17000
-17000
-17000
-17000
-17000
-17000
-17000
-17000
-17000
-17000
-17000
-17000
-17000
-17000
-17000
-17000
-17000
-17000
-17000
-17000
-17000
-17000
-17000
-17000
-17000
-17000
-17000
-17000
-17000
-17000
-17000
-17000
-17000
-17000
-17000
-17000
-17000
-17000
-17000
-17000
-17000
-17000
-17000
-17000
-17000
18251
16365
16365
2609
12715
1464
9786
14806
29951
308
308
308
308
308
39970
955
955
955
955
955
955
955
955
955
955
713
713
713
713
713
713
713
713
713
9544
1859
33028
11409
23401
29497
5977
9152
9264
9264
9385
9385
2562
5930
38085
31885
1704
1704
16657
8259
273
273
273
273
273
273
2719
17185
945
945
945
945
945
945
945
945
945
945
945
945
945
945
313
313
313
313
10057
217
217
217
5444
3707
21845
33581
22865
36649
32522
28174
20063
3475
3475
7171
2379
9120
24223
6697
42183
8840
24033
5417
18066
20248
5455
12342
2259
127
127
127
127
127
127
127
127
127
31797
9776
39107
26011
26011
19018
14200
6867
9218
1200
794
794
794
794
794
794
794
794
794
3661
3661
1367
33063
26171
9437
23454
22550
12040
182
182
182
182
182
182
182
182
751
751
751
751
751
751
4826
13189
679
679
679
679
679
679
679
679
16420
27994
1760
1760
25876
649
649
649
649
649
649
649
649
649
8248
34071
8936
42071
38084
6668
314
314
314
314
314
314
314
6335
6335
1480
1692
1692
17147
6660
6660
22620
8340
37117
6990
15659
2860
6765
9903
24656
547
547
547
547
547
547
547
32557
41969
14341
1243
18438
5204
10505
22505
3672
38640
10590
22791
6072
9635
9635
545
545
545
545
545
545
545
545
14185
3102
36205
8133
7185
40019
8147
31961
31529
577
577
577
577
577
577
577
577
577
577
577
668
668
668
668
668
668
10495
32480
27030
37732
3223
39180
23522
39244
5646
5646
3830
2867
204
204
204
204
204
204
5378
9602
2935
24961
2707
23693
1580
1580
14406
13381
546
546
546
546
546
546
546
546
546
546
25538
25538
41976
438
438
438
438
438
438
438
438
7488
15121
21528
3717
3280
19946
395
395
395
395
395
395
395
395
395
395
935
935
935
935
935
935
935
935
935
5883
29483
29986
2835
33465
25043
25043
742
742
742
742
742
742
742
742
742
742
725
725
725
725
725
725
725
725
725
544
544
544
544
544
544
544
544
183
183
183
183
183
183
183
183
183
183
4059
24919
10537
12677
12677
524
524
524
524
524
524
524
7837
7837
37262
33259
1761
8484
25421
5607
40800
5088
6674
6674
6674
39141
8725
7851
783
783
783
783
783
783
783
783
783
683
683
683
683
683
683
1111
6878
30564
885
885
885
885
885
13556
185
185
185
185
185
185
35186
5521
35340
7100
19127
19127
8485
33992
1094
5668
14222
3585
3585
7421
3794
3794
3794
42294
25105
5807
507
507
507
507
507
507
507
507
507
507
507
507
507
507
2888
38998
24397
32462
6326
3963
732
732
732
732
732
732
732
732
732
732
974
974
974
974
974
974
974
974
7660
8417
100
100
100
100
100
33050
33888
1797
1797
5167
9026
13382
36293
1645
1510
14612
20129
14477
1584
674
674
674
2951
4693
4693
23573
3472
6626
39293
18387
8230
8230
2361
7742
7742
25268
2149
2149
10533
2517
33665
6766
10527
222
222
222
222
222
222
222
222
7470
1156
7833
5169
9134
4886
252
252
252
252
252
252
2146
25063
4829
26297
7602
36716
14685
27060
7069
7069
9146
7776
14861
317
317
317
317
317
701
701
701
701
701
701
701
12363
6799
2451
518
518
518
518
518
518
518
42428
754
754
754
754
754
754
23619
2599
750
750
750
750
750
750
750
4005
4218
5301
24488
5980
20723
37476
16247
2160
16724
31082
18541
1796
6507
35957
1617
15831
9623
5111
258
258
258
258
258
258
258
258
511
511
511
511
511
511
511
3181
3181
25871
4910
4910
37153
16311
38734
1915
39602
15356
42399
726
726
726
726
726
726
726
7956
770
770
770
770
770
770
770
7763
21049
39741
30308
8328
8328
42676
7307
4882
4882
21469
5126
8947
9999
33927
41485
5268
40646
8704
243
243
243
243
243
243
243
243
243
905
905
905
905
905
905
905
905
905
905
34762
784
784
784
784
784
784
784
784
784
9700
2655
7648
1897
4841
4841
6731
827
827
827
827
827
827
827
304
304
304
304
12638
1742
1742
3757
6325
39917
4823
2813
2813
2813
40366
28672
4735
981
981
981
981
981
981
981
13800
20556
747
747
747
747
747
747
747
747
4528
30903
21591
8850
32676
11673
5026
30197
11709
36311
3576
3576
4741
36564
7156
6978
6554
6554
6554
291
291
291
291
291
2063
277
277
277
277
277
277
277
277
277
277
2085
15851
24326
23747
32570
6420
6648
39626
311
311
311
311
311
311
311
311
311
311
311
6474
23204
5208
5208
5575
6165
24400
24922
1135
29822
27209
32132
30291
29592
2716
2716
231
231
231
231
231
18636
13680
22275
4736
7791
20071
3277
8917
10970
12291
25791
31451
38329
8144
6083
14619
15333
7785
5833
21992
26720
4598
7021
13595
3462
6065
41837
2269
719
719
719
719
719
719
719
719
2013
4624
4624
4624
17473
25684
35848
25209
4765
25852
31224
26648
35579
25533
7269
7269
4223
4553
11343
23640
7886
791
791
791
791
791
791
28752
31137
38531
4099
8183
8183
22688
2751
28576
3856
3856
8168
4896
920
920
920
920
920
920
3978
218
218
218
17038
216
216
216
216
216
216
216
595
595
595
595
595
595
595
595
595
595
39990
23101
18225
8800
594
594
594
594
594
594
594
594
594
20374
578
578
578
578
578
578
578
578
141
141
141
141
141
141
925
925
925
925
925
925
925
925
925
925
41938
31980
830
830
830
830
830
830
830
27227
1978
11312
40873
1280
635
635
635
635
635
635
6345
6345
16394
10086
13577
38347
38347
3646
3646
778
778
17648
14576
16412
19617
884
884
884
884
884
884
884
2399
5355
5355
4941
4941
4409
38939
10012
4203
4914
4914
18091
19600
336
336
336
336
336
3887
11439
13071
134
134
134
134
11991
4571
40202
9077
25203
41798
14488
13906
26348
5798
7263
31392
28457
1150
9423
9423
41316
40891
753
753
753
753
35170
2373
17155
8575
14840
37885
3265
8590
320
320
320
320
320
320
33654
1116
4898
3164
3164
2874
18532
6468
12364
17054
29980
14100
30696
9853
9853
23823
5502
27455
40277
2169
35599
20441
143
143
143
143
143
3242
14681
14681
4825
4825
22777
2277
33606
29044
22813
831
831
831
831
831
831
831
9505
9298
9298
9298
692
692
692
692
692
692
692
692
692
2671
861
861
861
861
861
861
861
34864
28741
41169
42418
11643
39026
17111
208
208
208
208
208
25235
36529
36529
741
741
741
741
3187
3187
2349
7327
36502
13331
5650
552
552
552
552
552
552
552
34974
38839
954
954
954
954
954
954
954
3736
2659
2659
158
158
158
158
5876
3103
40422
652
652
652
652
652
652
652
11303
2635
2635
19724
8274
8274
37955
25786
596
596
596
596
596
596
596
607
607
607
607
607
607
607
607
19352
10784
20463
6919
15060
11198
13882
13882
9421
41852
3006
15734
29567
28328
244
244
244
244
244
244
9638
39798
2880
35144
4792
11118
6369
6369
415
415
415
415
415
415
415
415
415
4659
29849
10158
26134
22313
40749
21374
5522
8578
28652
34053
34197
15934
29259
40299
40299
5225
5225
531
531
531
531
531
531
531
810
810
810
810
810
599
599
599
599
599
599
599
599
599
599
1852
1852
23576
4404
6720
41505
4395
27373
24226
17609
4345
4971
20016
42205
5932
34513
13030
608
608
608
608
608
608
7027
16989
3714
23657
9131
4416
36494
9727
25164
6678
30663
38409
32395
28685
7622
14273
22828
28523
28523
10512
25205
38076
16235
32726
14193
253
253
253
253
253
253
5979
220
220
220
220
220
220
220
28274
28274
28417
1271
8220
22204
832
832
832
832
832
832
832
832
26883
40350
4228
13546
18427
2522
17592
42582
7881
8510
21104
42060
1547
1547
3135
406
406
406
21661
8277
37254
2058
3026
3740
6680
1803
3745
35158
6444
5583
5466
5034
17694
1424
1424
6068
11607
5239
23009
34675
7078
7181
965
965
965
965
965
965
965
965
965
965
226
226
226
226
226
226
226
226
226
226
975
975
975
975
975
975
975
6075
3542
3542
35607
155
155
155
155
155
155
155
155
28075
15108
6673
38184
10605
26634
9773
24319
40300
8427
4618
1030
30680
28039
37456
1708
729
729
729
729
729
5731
9214
2481
3604
1091
13353
38156
1669
6829
1380
7565
21572
38113
5338
8539
11837
23051
403
403
403
403
403
403
403
403
403
403
403
403
8679
8188
4312
2099
6818
6818
23350
35375
42002
42002
5452
459
459
459
459
459
459
459
459
459
459
13850
16681
892
892
892
892
892
892
892
892
2304
32493
15878
6600
6600
6600
6600
18643
18643
26754
28624
32616
32616
2713
6493
24095
1261
36107
28772
173
173
173
173
173
42372
23453
25041
15417
21665
27288
24150
27709
2073
18361
31545
2112
6718
3461
3461
6067
21886
26613
21152
6758
25091
25091
13829
12354
6808
8171
1217
19980
126
126
126
126
126
126
126
126
126
6622
847
847
847
847
286
286
286
286
-170
-170
-170
-170
-170
-170
-170
-170
-170
-170
-170
-170
-170
-170
-170
-170
-170
-170
-170
-170
-170
-170
-170
-170
-170
-170
-170
-170
-170
-170
-170
-170
-170
-170
-170
-170
-170
-170
-170
-170
-170
-170
-170
-170
-170
-170
-170
-170
-170
-170
-170
-170
-170
-170
-170
-170
-170
-170
-170
-170
-170
-170
-170
-170
-170
-170
-170
-170
-170
-170
-170
-170
-170
-170
-170
-170
-170
-170
-170
-170
-170
-170
-170
-170
-170
-170
-170
-170
-170
-170
-170
-170
-170
-170
-170
-170
-170
-170
-170
-170
-170
-170
-170
-170
-170
-170
-170
-170
-170
-170
-170
-170
-170
-170
-170
-170
-170
-170
-170
-170
-170
-170
-170
-170
-170
-170
-170
-170
-170
-170
-170
-170
-170
-170
-170
-170
-170
-170
-170
-170
-170
-170
-170
-170
-170
-170
-170
-170
-170
-170
-170
-170
-170
-170
-170
-170
-170
-170
-170
-170
-170
-170
-170
-170
-170
-170
-170
-170
-170
-170
-170
-170
-170
-170
-170
-170
-170
-170
-170
-170
-170
-170
-170
-170
-170
-170
-170
-170
-170
-170
-170
-170
-170
-170
-170
-170
-170
-170
-170
-170
-170
-170
-170
-170
-170
-170
-170
-170
-170
-170
-170
-170
-170
-170
-170
-170
-170
-170
-170
-170
-170
-170
-170
-170
-170
-170
-170
-170
-170
-170
-170
-170
-170
-170
-170
-170
-170
-170
-170
-170
-170
-170
-170
-170
-170
-170
-170
-170
-170
-170
-170
-170
-170
-170
-170
-170
-170
-170
-170
-170
-170
-170
-170
-170
-170
-170
-170
-170
-170
-170
-170
-170
-170
-170
-170
-170
-170
-170
-170
-170
-170
-170
-170
-170
-170
-170
-170
-170
-170
-170
-170
-170
-170
-170
-170
-170
-170
-170
-170
-170
-170
-170
-170
-170
-170
-170
-170
-170
-170
-170
-170
-170
-170
-170
-170
-170
-170
-170
-170
-170
-170
-170
-170
-170
-170
-170
-170
-170
-170
-170
-170
-170
-170
-170
-170
-170
-170
-170
-170
-170
-170
-170
-170
-170
-170
-170
-170
-170
-170
-170
-170
-170
-170
-170
-170
-170
-170
-170
-170
-170
-170
-170
-170
-170
-170
-170
-170
-170
-170
-170
-170
-170
-170
-170
-170
-170
-170
-170
-170
-170
-170
-170
-170
-170
-170
-170
-170
-170
-170
-170
-170
-170
-170
-170
-170
23346
23346
299
299
299
299
299
299
299
299
299
31572
681
681
681
681
681
681
681
34880
2756
2756
35431
5237
5237
28710
481
481
481
481
481
481
481
481
481
37166
12926
9022
5633
32042
3771
5469
31030
1621
156
156
156
156
156
156
156
156
156
8255
8255
1541
4168
4560
8027
6359
6359
8950
2882
8749
9170
150
150
150
150
150
150
150
10763
6957
671
671
671
671
671
671
671
8538
7783
7783
4733
5878
946
946
946
946
946
946
946
6225
6225
8814
932
932
932
932
932
932
932
19791
24419
2532
574
574
574
574
574
574
574
574
574
31657
399
399
399
399
399
399
399
399
399
35113
27590
42191
17202
34861
833
833
833
833
833
833
833
833
833
11582
13259
20566
35452
15227
15227
2579
30625
12221
6950
38380
20689
8661
42603
2915
40755
782
782
782
782
33038
25200
6332
6332
21217
35962
17017
11761
6208
18752
6156
3233
414
414
414
414
414
30669
5392
5392
5541
3611
493
493
493
493
493
493
493
493
35827
20594
20083
34476
5803
7389
34977
2520
2520
2520
7251
28307
15825
321
321
321
321
321
321
6090
38981
284
284
284
284
284
284
284
36097
8026
12318
38046
37838
1255
565
565
565
565
565
565
1411
9025
11518
3390
37128
26386
1658
455
455
455
1252
31118
30154
456
456
456
456
456
456
456
456
456
456
42490
21891
22392
5753
911
911
911
911
911
911
25176
315
315
315
315
315
315
315
2958
22063
7296
401
401
401
401
401
401
401
401
15557
928
928
928
928
928
4491
6932
24764
22519
22519
30528
2040
15216
931
931
931
931
4113
29115
2090
40957
29255
463
463
463
463
463
21660
21660
5314
4040
34796
542
542
542
542
542
542
542
542
30966
7385
7385
6754
3266
23076
7369
7369
39906
205
205
205
205
8671
8671
28197
37743
2862
39156
4051
4051
12039
4055
42303
520
520
520
520
21837
1924
6480
6480
28946
39090
35129
12169
346
346
346
346
346
23393
23393
14015
8831
689
689
689
689
689
9987
31150
4001
39877
34757
33042
5736
1242
1242
1242
541
541
541
541
541
541
541
541
541
541
32451
42040
2973
21176
17540
18211
10900
10324
37964
8267
31417
17678
24848
20228
561
561
561
561
561
9350
7223
29947
5424
32191
8963
8963
13541
9307
405
405
405
405
405
405
405
405
42224
964
964
964
964
964
4890
41713
33200
10679
1277
1277
694
694
694
694
636
636
636
636
636
636
636
33009
1320
6210
1311
23992
8199
15040
3641
2685
6850
821
821
821
821
821
821
821
821
22603
6384
4102
4102
5376
5376
11569
34964
412
412
412
412
412
6666
28078
20096
147
147
147
147
147
147
24998
28266
39366
32123
8809
12590
12590
506
506
506
506
506
506
3746
29001
4570
4570
4570
26147
375
375
375
375
375
375
375
375
136
136
136
136
136
136
136
136
136
136
136
136
1437
12613
494
494
494
494
494
494
494
494
494
494
494
494
494
36121
2806
2806
2806
9898
9898
5446
5446
14315
4359
7842
31998
28477
4241
4448
25991
5252
1036
5337
24068
26465
5171
13257
13398
19053
33248
16165
18715
20959
42691
6629
22953
36061
13930
772
772
772
772
772
772
772
772
772
772
772
772
772
31960
6118
31827
24297
34961
19542
8615
30138
30138
29139
29139
16014
22205
3852
2074
5691
26876
37531
3137
5920
795
795
795
795
246
246
246
246
246
246
246
246
246
246
246
246
246
246
310
310
310
310
310
310
310
310
310
310
22733
13277
4715
4715
5266
33287
28906
28642
3032
4580
29643
5788
5788
5788
8598
6623
6623
25135
37749
2887
14977
23223
3040
7082
41863
627
627
627
627
627
627
13978
7930
3238
670
670
670
670
670
670
32680
24811
2495
2495
9579
17628
2168
4534
8826
23356
576
576
576
576
576
576
576
576
576
576
16687
705
705
705
705
705
705
705
705
32138
40542
7935
7935
13599
13797
808
808
808
808
808
808
808
7123
6536
116
116
116
116
116
116
116
116
899
899
899
899
6544
4901
8034
498
498
498
498
498
498
498
498
498
498
498
498
498
498
498
498
31080
18761
4544
27319
15163
307
307
307
307
307
307
307
307
38077
21440
482
482
482
482
482
482
482
15947
1146
6566
2997
118
118
118
118
118
118
27350
215
215
215
215
215
215
215
215
215
215
215
3133
1666
17396
42609
23754
6521
6521
6521
26148
38516
10402
1208
7792
8420
8420
18501
693
693
693
693
693
693
693
693
693
693
745
745
745
745
745
29630
35638
33630
5627
36917
36917
1865
2239
4977
19357
2324
5842
2317
9781
9781
9781
13892
26365
5795
20813
15942
6394
6394
9720
41418
15460
14817
35223
7218
39220
2578
8395
8077
34561
12849
37607
3924
3924
2518
32988
5535
5535
29275
39871
6915
8899
1083
6024
6802
12893
40780
40780
4468
35184
34434
653
653
653
653
653
653
653
28695
25229
2170
2170
42739
5058
27146
10818
42308
3631
6983
7114
36177
9308
42463
8243
15628
30792
5194
42586
24794
651
651
651
651
651
651
651
651
4440
37498
12593
4542
4542
21778
29750
29750
37979
9515
1753
1020
15674
8819
878
878
878
878
3195
38545
262
262
262
262
262
262
262
330
330
330
4703
6204
9949
9949
31060
3228
5310
20022
13068
32912
32912
20467
328
328
328
328
328
328
328
328
328
328
24680
27961
895
895
895
895
895
895
895
895
895
3982
4180
4180
4273
7560
7560
2136
24
24
24
24
24
24
24
24
24
24
24
24
24
24
24
24
24
24
24
24
24
24
24
24
24
24
24
24
24
24
24
24
24
24
24
24
24
24
24
24
24
24
24
24
24
24
24
24
24
24
24
24
24
24
24
24
24
24
24
24
24
24
24
24
24
24
24
24
24
24
24
24
24
24
24
24
24
24
24
24
24
24
24
24
24
24
24
24
24
24
24
24
24
24
24
24
24
24
24
24
24
24
24
24
24
24
24
24
24
24
24
24
24
24
24
24
24
24
24
24
24
24
24
24
24
24
24
24
24
24
24
24
24
24
24
24
24
24
24
24
24
24
24
24
24
24
24
24
24
24
24
24
24
24
24
24
24
24
24
24
24
24
24
24
24
24
24
24
24
24
24
24
24
24
24
24
24
24
24
24
24
24
24
24
24
24
24
24
24
24
24
24
24
24
24
24
24
24
24
24
24
24
24
24
24
24
24
24
24
24
24
24
24
24
24
24
24
24
24
24
24
24
24
24
24
24
24
24
24
24
24
24
24
24
24
24
24
24
24
24
24
24
24
24
24
24
24
24
24
24
24
24
24
24
24
24
24
24
24
24
24
24
24
24
24
24
24
24
24
24
24
24
24
24
24
24
24
24
24
24
24
24
24
24
24
24
24
24
24
24
24
24
24
24
24
24
24
24
24
24
24
24
24
24
24
24
24
24
24
24
24
24
24
24
24
24
24
24
24
24
24
24
24
24
24
24
24
24
24
24
24
24
24
24
24
24
24
24
24
24
24
24
24
24
24
24
24
24
24
24
24
24
24
24
24
24
24
24
24
24
24
24
24
24
24
24
24
24
24
24
24
24
24
24
24
24
24
24
24
24
24
24
24
24
24
24
24
24
24
24
24
24
24
24
24
24
24
24
24
24
24
24
24
24
24
24
24
24
24
24
24
24
24
24
24
24
24
24
24
24
24
24
24
24
24
24
24
24
24
24
24
24
24
24
24
24
24
24
24
24
24
24
24
24
24
24
24
24
24
24
24
24
24
24
24
24
24
24
24
24
24
24
24
24
24
24
24
24
24
24
24
24
24
24
24
24
24
24
24
24
24
24
24
24
24
24
24
24
24
24
24
24
24
24
24
24
24
24
24
24
24
24
24
24
24
24
24
24
24
24
24
24
24
24
24
24
24
24
24
24
24
24
24
24
2959
471
471
471
471
471
5964
4137
4137
41327
2322
9834
21776
24317
17449
13337
32421
11065
32068
4764
17175
11389
2863
164
164
164
164
164
164
8352
6945
24776
2528
9411
872
872
872
872
872
872
872
872
26068
35096
18326
38386
31835
28237
1904
1325
1325
14485
4117
3685
6549
17835
7608
7608
19656
9137
9137
523
523
523
523
523
523
523
477
477
477
477
477
477
477
477
477
477
477
477
477
658
658
658
658
658
6899
6899
327
327
327
327
327
327
35854
20784
40909
11874
111
111
111
111
111
111
28115
631
631
631
631
631
631
631
27473
5540
5540
17148
20449
24354
6512
36068
41882
213
213
213
213
213
213
213
904
904
904
904
904
904
904
904
904
904
904
32353
18186
16523
8470
521
521
521
521
521
521
521
426
426
426
426
426
426
426
426
426
1832
20734
5345
5345
29551
19274
29876
4181
919
919
919
919
919
919
919
919
919
919
919
919
24705
22494
6714
26628
6961
6961
5922
5922
23892
11787
27482
40532
27117
632
632
2400
14776
8100
28176
15658
27899
2108
2108
40332
4791
4791
4791
5602
5602
5602
12710
860
860
860
860
860
860
860
860
860
2153
25600
5984
3311
21621
21621
4611
4611
39968
5891
5891
5997
5997
3365
27120
36098
36098
30932
31709
6363
20987
2523
2523
4017
4017
4017
2426
21838
19396
989
989
989
989
989
989
989
989
989
989
413
413
413
413
413
413
413
8476
9922
9922
3777
1018
1018
1018
6873
1587
6649
6649
30712
30712
807
807
807
807
5121
35597
644
644
644
644
644
644
16387
18880
30246
30246
29665
3231
37766
4121
28096
2865
20201
9384
1089
8143
5772
3969
458
458
458
458
458
458
458
458
22019
38768
5215
2059
2059
7921
38647
37318
3838
14732
11994
36283
1920
2572
4871
39919
369
369
369
369
369
369
369
263
263
263
263
263
263
263
17132
40495
12043
40375
3956
3956
8227
10793
36556
11288
31908
31908
30649
33645
19257
6703
41937
466
466
466
466
466
466
35462
1899
2106
9979
15988
15747
2341
3267
338
338
338
5467
38259
8073
13715
23874
38396
2428
2278
7418
7418
37287
7614
1573
3229
8888
6454
6362
1835
35516
3654
3071
25875
32825
8413
7544
30683
4617
20356
21643
6305
41593
823
823
823
823
823
823
823
823
823
23296
450
450
450
450
450
13889
26656
39911
487
487
487
553
553
553
553
553
553
553
4084
503
503
503
503
503
503
503
503
503
503
503
20878
593
593
593
593
593
87
87
87
87
87
87
87
87
87
87
87
87
87
87
87
87
87
87
87
87
87
87
87
87
87
87
87
87
87
87
87
87
87
87
87
87
87
87
87
87
87
87
87
87
87
87
87
87
87
87
87
87
87
87
87
87
87
87
87
87
87
87
87
87
87
87
87
87
87
87
87
87
87
87
87
87
87
87
87
87
87
87
87
87
87
87
87
87
87
87
87
87
87
87
87
87
87
87
87
87
87
87
87
87
87
87
87
87
87
87
87
87
87
87
87
87
87
87
87
87
87
87
87
87
87
87
87
87
87
87
87
87
87
87
87
87
87
87
87
87
87
87
87
87
87
87
87
87
87
87
87
87
87
87
87
87
87
87
87
87
87
87
87
87
87
87
87
87
87
87
87
87
87
87
87
87
87
87
87
87
87
87
87
87
87
87
87
87
87
87
87
87
87
87
87
87
87
87
87
87
87
87
87
87
87
87
87
87
87
87
87
87
87
87
87
87
87
87
87
87
87
87
87
87
87
87
87
87
87
87
87
87
87
87
87
87
87
87
87
87
87
87
87
87
87
87
87
87
87
87
87
87
87
87
87
87
87
87
87
87
87
87
87
87
87
87
87
87
87
87
87
87
87
87
87
87
87
87
87
87
87
87
87
87
87
87
87
87
87
87
87
87
87
87
87
87
87
87
87
87
87
87
87
87
87
87
87
87
87
87
87
87
87
87
87
87
87
87
87
87
87
87
87
87
87
87
87
87
87
87
87
87
87
87
87
87
87
87
87
87
87
87
87
87
87
87
87
87
87
87
87
87
87
87
87
87
87
87
87
87
87
87
87
87
87
87
87
87
87
87
87
87
87
87
87
87
87
87
87
87
87
87
87
87
87
87
87
87
87
87
87
87
87
87
87
87
87
87
87
87
87
87
87
87
87
87
87
87
87
87
87
87
87
87
87
87
87
87
87
87
87
87
87
87
87
87
87
87
87
87
87
87
87
87
87
87
87
87
87
87
87
87
87
87
87
87
87
87
87
87
87
87
87
87
87
87
87
87
87
87
87
87
87
87
87
87
87
87
87
87
87
87
87
87
87
87
87
87
87
87
87
87
87
87
87
87
87
87
87
87
87
87
87
87
87
87
87
87
87
87
87
87
87
87
87
87
87
87
87
87
87
87
87
87
87
87
87
87
87
87
87
87
87
87
87
87
87
87
87
87
87
87
5697
176
176
176
176
176
25495
209
209
209
209
23488
691
691
691
691
691
691
691
3792
4394
461
461
461
461
796
796
796
796
796
796
796
796
796
796
796
796
3010
15173
16113
41570
200
200
200
200
200
200
1640
30947
15181
189
189
189
189
189
189
189
189
189
189
3784
16887
8616
14019
655
655
655
655
655
655
7926
7926
11611
20286
20286
6958
38414
16663
23882
10202
24520
2680
735
735
735
735
190
190
190
190
190
190
190
190
190
190
190
190
18417
14388
19702
431
431
431
431
431
431
431
319
319
319
319
8870
8870
256
256
256
256
256
256
256
256
256
256
4464
4464
841
841
841
841
26841
7326
21864
5826
2489
22931
10800
13875
2083
9221
18277
25670
15559
430
430
430
430
430
430
430
6545
6545
562
562
562
562
562
562
562
562
8246
869
869
869
4651
2706
14767
39450
6595
28360
10937
3468
42623
8923
12428
3981
35040
34054
5705
5537
9415
9415
39599
4559
37621
309
309
309
309
309
309
309
309
19727
16774
6917
37495
27063
11379
5184
5184
5184
21863
8670
16962
6881
6881
2705
3172
19183
6495
335
335
335
335
335
335
335
335
335
5792
26227
6088
34865
13621
18817
21640
33253
4277
8656
19937
2769
2769
23720
38977
4992
8830
32627
5996
117
117
117
117
117
117
117
28959
38808
5115
15296
5356
18064
21213
7985
9671
806
806
806
806
806
806
806
806
8898
36791
21868
260
260
260
260
260
260
260
9838
675
675
675
675
675
675
675
675
675
675
19923
5020
4946
10235
6587
6587
6587
26167
776
776
776
776
776
776
776
776
776
232
232
232
232
8146
37939
40283
22303
24689
18228
7917
850
850
850
850
850
850
850
281
281
281
281
281
281
281
281
281
39388
2104
8876
41156
27340
22634
15518
3763
3932
39232
39232
591
591
591
591
591
591
591
591
591
591
591
591
591
13885
8875
14144
956
956
956
956
956
956
29397
10708
16064
976
976
976
976
976
976
976
976
976
976
976
40501
3112
42066
16661
41026
936
936
936
936
12987
325
325
325
325
325
325
325
14541
34137
7503
4558
16833
23053
10143
6077
6077
887
887
887
887
41896
41896
2145
9741
130
130
130
130
130
130
130
130
130
130
22308
22308
25725
42669
9670
9510
41797
5680
120
120
120
120
120
120
120
120
8342
8342
3811
33926
7813
4827
6705
6705
108
108
108
108
108
108
28920
820
820
820
820
240
240
240
240
240
240
240
240
240
240
240
19872
8448
876
876
876
876
38295
1849
16692
822
822
822
822
822
822
13982
3854
316
316
316
316
316
15468
34743
2359
5439
6967
28252
7102
-1700
-1700
-1700
-1700
-1700
-1700
-1700
-1700
-1700
-1700
-1700
-1700
-1700
-1700
-1700
-1700
-1700
-1700
-1700
-1700
-1700
-1700
-1700
-1700
-1700
-1700
-1700
-1700
-1700
-1700
-1700
-1700
-1700
-1700
-1700
-1700
-1700
-1700
-1700
-1700
-1700
-1700
-1700
-1700
-1700
-1700
-1700
-1700
-1700
-1700
-1700
-1700
-1700
-1700
-1700
-1700
-1700
-1700
-1700
-1700
-1700
-1700
-1700
-1700
-1700
-1700
-1700
-1700
-1700
-1700
-1700
-1700
-1700
-1700
-1700
-1700
-1700
-1700
-1700
-1700
-1700
-1700
-1700
-1700
-1700
-1700
-1700
-1700
-1700
-1700
-1700
-1700
-1700
-1700
-1700
-1700
-1700
-1700
-1700
-1700
-1700
-1700
-1700
-1700
-1700
-1700
-1700
-1700
-1700
-1700
-1700
-1700
-1700
-1700
-1700
-1700
-1700
-1700
-1700
-1700
-1700
-1700
-1700
-1700
-1700
-1700
-1700
-1700
-1700
-1700
-1700
-1700
-1700
-1700
-1700
-1700
-1700
-1700
-1700
-1700
-1700
-1700
-1700
-1700
-1700
-1700
-1700
-1700
-1700
-1700
-1700
-1700
-1700
-1700
-1700
-1700
-1700
-1700
-1700
-1700
-1700
-1700
-1700
-1700
-1700
-1700
-1700
-1700
-1700
-1700
-1700
-1700
-1700
-1700
-1700
-1700
-1700
-1700
-1700
-1700
-1700
-1700
-1700
-1700
-1700
3606
2932
6516
6516
25050
25050
539
539
539
539
539
539
539
539
13696
7857
2019
40326
18179
17200
3586
4704
4783
492
492
492
492
492
28643
34126
14876
35369
3584
786
786
35151
14643
906
906
906
906
906
906
906
906
906
906
906
906
1769
16742
24045
42338
30780
12388
37758
17734
6693
1709
5759
33461
1379
6752
6752
19982
2692
5264
416
416
416
416
416
416
416
416
416
416
416
37954
1155
1155
12018
4714
8998
27540
36324
5777
972
972
972
972
972
972
972
972
972
972
972
972
27274
11796
36352
17454
17454
6069
13707
35678
8215
20552
33904
18762
41190
13562
5407
6035
27579
36885
962
962
962
962
962
962
962
962
962
962
962
962
962
962
962
962
115
115
115
115
115
115
115
115
3162
7629
7629
3282
38118
4997
7598
39422
5438
473
473
473
473
473
473
473
473
2745
2872
13052
8400
36696
9138
9138
3341
991
991
991
991
991
991
20329
5644
26734
21938
8520
37767
9750
366
366
366
366
366
366
10204
29312
9604
22747
149
149
149
149
149
149
149
34522
32362
7111
31702
3742
36880
663
663
663
663
663
663
663
663
7901
2029
30506
10558
21118
4600
7987
2658
2658
18659
32269
42532
1167
37120
37445
41107
5496
24529
1522
1522
36232
35261
30808
4131
6293
20120
30270
20145
1754
32228
8201
37716
4433
42716
10260
344
344
344
344
344
344
16041
16041
8916
8916
41875
3009
23409
25651
288
288
288
288
288
288
5995
5995
538
538
538
538
538
538
538
538
538
538
538
538
538
538
9844
12307
6183
28900
6677
834
834
834
834
834
4042
792
792
792
792
4457
9445
9445
987
987
987
987
987
987
987
987
8292
3304
9801
41929
4259
32621
20719
28271
5699
9361
497
497
497
497
497
4987
32760
7259
27228
4676
4676
193
193
193
193
193
193
193
8071
10232
10232
9017
31203
31203
1508
12874
35148
23768
26191
212
212
212
212
212
212
712
712
712
38893
7936
7790
4777
6416
5112
35296
35296
10061
10310
1417
28062
522
522
522
522
522
522
522
522
24504
24504
24504
630
630
630
630
630
630
630
630
11078
22397
42392
4413
10257
440
440
440
440
440
440
440
440
440
331
331
331
331
19993
8302
9191
9309
12561
12561
171
171
171
171
171
10196
8747
8747
7613
6341
2763
2763
4984
4984
682
682
682
682
682
682
35787
20801
40139
40139
2383
4285
4285
19304
462
462
462
462
462
12813
30341
18571
6108
7439
37974
7490
7490
19250
14386
27192
13112
6407
5853
30583
606
606
606
606
5196
380
380
380
380
380
380
380
380
6994
41501
40321
1589
2479
2479
2479
36953
6379
27239
5457
881
881
881
881
881
881
881
881
881
4966
37040
2292
16069
22072
18586
3721
32826
3818
34371
26600
5471
41765
2743
28854
709
709
709
709
709
709
709
709
2348
1518
14007
8774
8471
16560
20203
20203
1552
3171
8072
6212
276
276
276
276
276
276
276
2663
3401
16909
2107
31728
22869
10694
529
529
529
529
529
529
529
41320
3831
417
417
417
417
4591
848
848
848
848
848
848
848
848
848
848
1368
1368
35563
478
478
478
478
478
478
478
478
478
3596
8197
6161
4630
4630
19965
5682
3053
1434
1562
6401
5011
5838
2182
34955
17010
26922
21875
6777
39856
39856
388
388
388
388
388
388
388
14260
23058
15241
9459
19369
37870
1729
26260
39045
4447
422
422
422
422
422
422
422
12580
35052
948
948
948
948
948
948
948
27885
32501
5563
5563
7414
214
214
214
214
214
214
4206
8601
16979
5033
22211
6795
26361
9894
439
439
439
3232
32077
866
866
866
866
20511
5427
4837
4837
13166
154
154
154
154
154
154
154
154
38627
13580
15448
9106
1615
10508
16756
985
985
985
985
985
985
7600
13500
3319
14107
7035
16998
10670
21159
5079
5079
37020
28015
27886
27886
6200
6200
6200
6080
23680
27664
4788
1896
39091
1005
5061
5061
41078
9717
19838
35111
24072
17532
1559
5052
38832
22599
37283
22172
42683
29494
1289
18026
6628
6628
38625
392
392
392
392
392
392
392
6675
6901
342
342
342
342
26981
19956
11700
41736
678
678
678
678
8737
26659
829
829
829
829
829
829
829
829
829
28114
31414
35632
36049
7953
9333
17173
3842
3842
695
695
695
695
695
695
695
695
23814
3961
41512
10455
3972
7505
7505
38706
23944
2684
15398
5491
5491
5134
5134
39828
4515
40470
3058
2069
5726
6436
41838
21966
5877
5877
4007
9940
40637
36080
3116
2519
2895
717
717
717
717
717
717
717
717
717
18418
20014
19254
10387
3881
3881
9663
16691
37130
41692
8948
36504
41919
1443
6943
697
697
697
697
21427
21427
5791
5791
19816
22118
28348
5701
25752
7138
7138
8494
36135
3444
3444
9311
20420
2407
22631
3122
6541
26865
22489
8507
699
699
699
699
699
27462
14400
3975
42324
23697
19908
40215
5113
36630
11440
11440
18902
34723
3108
1549
25617
28006
39008
479
479
479
479
479
479
479
479
479
479
479
479
479
4999
42649
24827
677
677
677
677
677
677
677
1505
1505
17912
1433
7354
7354
14807
484
484
484
484
484
702
702
702
702
702
702
840
840
840
840
840
840
840
840
6250
6692
8855
3775
25161
242
242
242
35852
35493
11291
15631
29754
33604
11536
14997
114
114
114
114
131
131
131
131
4380
6691
26209
20454
22111
8217
4801
41541
42222
30774
30774
2047
12031
9023
6789
14670
5671
28280
40010
3367
3367
3471
8522
41847
30303
6476
106
106
106
106
106
106
106
106
106
230
230
230
230
230
230
230
230
230
230
230
230
622
622
622
622
622
622
19714
14286
20500
13633
27691
9738
9738
9994
9994
32674
23890
9667
40801
29990
10689
5437
10401
33982
4379
4379
22033
13285
2287
11568
3140
30537
5257
23644
686
686
686
686
686
686
7329
20368
24132
7890
24456
29953
29953
9625
31864
5154
909
909
909
909
909
909
909
282
282
282
282
282
282
282
13431
32232
29133
2868
933
933
933
933
933
933
933
933
933
933
24049
7440
432
432
432
432
432
3756
23107
5170
41644
30335
2316
1524
13127
41725
279
279
279
279
279
279
279
279
8745
38881
1454
8170
23111
39325
2325
504
504
504
504
504
504
504
504
14976
1203
6579
22607
6970
22346
3983
37841
6106
437
437
437
437
437
437
437
23805
12265
12265
12265
40333
11313
12687
32108
21504
32369
19880
35974
22823
39378
36930
708
708
708
708
708
708
708
708
708
9756
19286
40126
31798
18575
3767
3767
3866
35150
33644
12706
4336
2892
429
429
429
429
429
429
429
36421
36421
1457
39414
617
617
617
617
617
617
617
617
25851
6264
14464
1422
15305
4488
2725
26343
3647
2529
3990
891
891
891
891
891
891
891
891
31744
8914
27216
11663
28866
31513
22802
15752
10020
10439
2550
2550
22595
4552
9328
5059
2424
402
402
402
402
402
402
35098
8518
17365
3048
14524
739
739
739
739
739
739
739
739
739
739
739
3637
133
133
133
133
133
6788
901
901
901
27527
1429
9231
752
752
752
752
752
752
752
752
752
37912
7113
32935
41816
10711
34754
334
334
334
334
334
334
334
334
33252
9513
9513
9238
341
341
341
341
341
341
341
341
449
449
449
449
449
449
449
449
40031
8112
5487
194
194
194
194
194
194
194
194
17629
34695
33161
1631
1631
26799
6056
31403
33495
28629
9424
34148
8391
365
365
365
365
365
365
365
365
15175
23465
2337
1588
1588
1588
35553
35553
32802
25717
34369
7673
21686
7754
7754
6240
6240
8264
421
421
421
421
421
421
421
119
119
119
119
119
37839
3999
3999
21418
637
637
637
637
637
637
637
637
637
637
4670
28677
4173
11650
229
229
229
229
229
8962
30397
30397
13601
32782
7115
41433
9648
20547
2772
980
980
980
980
980
980
980
980
25092
3111
6981
17242
32867
31408
9457
10599
5513
24249
20257
424
424
424
424
424
424
424
424
424
15850
9832
8691
13481
245
245
245
245
245
17216
27287
10975
26859
22127
2986
15425
2009
2009
2009
5025
564
564
564
564
564
564
564
564
564
9574
9984
896
896
896
896
896
896
896
896
896
896
896
896
35926
4612
21386
270
270
270
270
270
37505
17670
36797
36797
1478
1478
13155
3055
36047
716
716
716
716
716
716
716
31807
34508
26531
38747
38129
28485
24677
29066
6905
8867
4263
4263
28796
3872
777
777
777
777
777
777
777
19475
20961
2776
10791
1757
40224
1945
1945
27680
21667
5500
4427
4427
39737
5517
41845
283
283
283
283
283
283
283
25297
40058
9440
6941
5911
8521
8521
27849
1895
4687
1591
4213
18268
5107
5107
4706
4706
845
845
845
845
845
845
845
845
39570
582
582
582
582
582
582
582
582
582
39913
15526
15526
19240
598
598
598
598
598
598
598
2712
2712
2712
23284
5533
2670
40432
472
472
472
472
472
472
472
4814
10878
23915
29221
17685
13276
3359
5129
18823
21958
5031
37737
36123
7954
381
381
381
381
381
381
381
381
381
381
381
381
381
381
1955
1955
805
805
805
323
323
323
323
323
323
323
323
20054
33840
1122
13485
6074
6201
6201
6833
163
163
163
163
163
4219
4645
3877
4370
4370
9033
4197
4197
7202
31355
28374
3252
26820
13606
4152
26480
7557
3980
3980
2654
883
883
883
883
883
38359
9546
16056
25111
29775
228
228
228
228
228
228
228
228
228
3535
27628
26827
16542
16542
16542
32250
32250
4090
35133
3176
3176
1794
20550
20550
4522
5418
4729
4729
2166
2166
1093
3128
6667
425
425
425
425
425
425
425
425
4892
4892
12617
17913
17913
17913
28273
4169
4169
12970
4477
673
673
673
23123
746
746
746
746
746
7998
25795
16773
7535
554
554
554
554
554
554
554
554
554
554
554
554
7589
237
237
237
237
237
237
237
6930
6930
23500
22377
11228
6695
1989
103
103
103
103
485
485
485
27158
22359
13254
4798
8584
35608
1244
40572
8983
706
706
706
706
706
706
29773
4943
24771
2693
26679
18602
20221
23000
3623
3865
398
398
398
740
740
740
740
740
740
740
13180
966
966
966
966
966
966
966
966
966
597
597
597
597
597
597
597
13144
27407
2096
5707
1599
112
112
112
112
112
112
112
112
5804
5804
10092
418
418
418
418
418
418
418
418
418
867
867
867
867
867
867
867
867
867
15461
1037
857
857
857
857
857
857
857
857
35701
35701
5952
916
916
916
916
916
916
7337
345
345
345
3486
32751
6769
1447
1958
18957
5351
532
532
532
532
153
153
153
153
153
153
153
153
643
643
643
643
643
643
643
643
643
643
643
9329
9329
9802
9802
19657
26891
26891
3354
8085
7132
3873
4331
19623
5511
343
343
343
343
343
343
343
343
343
29816
3632
7460
7460
7460
29316
152
152
152
152
152
152
152
152
152
152
40802
29242
12827
17792
10342
28532
5755
3480
4683
9690
13679
27544
29003
890
890
890
890
890
890
890
27168
5711
7849
7849
3500
9180
6292
17905
41533
3660
4631
19425
2246
2246
2738
3996
2297
10338
10338
27515
8375
8025
41603
4507
4657
13517
4354
4354
5892
5465
1304
40490
10901
1410
37209
32942
8445
8445
9952
6782
11210
8701
16594
6786
986
986
986
986
986
986
986
986
5254
5254
39679
39679
30394
4900
32103
25616
512
512
512
512
512
512
512
512
512
41252
29967
18915
3602
42700
13946
12424
8425
6294
34116
408
408
408
408
408
408
408
408
408
408
408
41230
486
486
486
486
486
8317
9594
6038
995
995
995
995
8153
1019
6811
3331
3331
9818
9818
25314
25447
40081
18732
1257
1257
957
957
957
957
957
957
957
957
8460
5907
5907
5907
6055
6012
6012
6012
2396
41687
26271
24210
7154
19508
8755
15760
32793
4572
38488
35490
11897
36152
14528
105
105
105
105
105
105
105
35159
9871
8715
8942
2790
19273
32708
8668
102
102
102
102
102
102
102
102
102
102
17427
8043
8043
457
457
457
457
457
457
457
457
457
457
457
411
411
411
411
411
411
411
411
411
411
817
817
817
817
7793
9000
2926
33429
41757
2184
2184
23392
211
211
211
211
211
211
211
211
211
862
862
862
862
862
862
20952
8083
5948
7983
7983
19410
6009
4449
4449
4674
31127
22252
6694
36158
13343
11317
6792
27119
15285
9986
3065
3065
32469
31812
3361
41843
41843
10233
41925
793
793
793
11445
34822
8415
1532
4666
2552
19926
7235
22442
7224
3916
8176
997
997
997
997
997
997
18429
3977
963
963
963
963
963
963
963
19974
22794
18635
10094
5148
5148
10146
10146
9957
31294
8772
8772
958
958
958
958
958
958
958
958
958
958
6022
30257
36780
9477
9477
41877
714
714
714
714
714
714
714
24701
9485
5574
36394
14216
8436
718
718
718
718
718
718
17511
35367
3347
27686
959
959
959
959
959
959
24048
26188
16314
4242
516
516
516
516
22994
32053
41073
21674
41771
8529
722
722
722
722
722
722
39691
21979
12036
9413
9413
25001
38372
515
515
515
515
515
7736
7736
42362
4947
128
128
128
128
128
128
128
128
7341
8127
28396
3730
5915
5057
5057
6249
42474
1825
1825
6573
6573
39209
30232
11711
393
393
393
393
393
393
393
393
393
13864
39504
24253
16942
23122
7442
39625
771
771
771
771
771
771
771
771
3134
27750
5271
1332
32240
6722
6722
42430
38495
2171
6790
6790
29202
32064
31490
387
387
387
21484
40868
6404
6404
5263
6639
239
239
239
239
239
239
36438
18933
774
774
774
774
774
774
774
10700
1307
25779
24450
21633
614
614
614
614
614
489
489
489
489
489
489
489
489
11431
30494
23173
654
654
654
654
654
654
332
332
332
332
332
332
332
332
35110
35110
19863
26029
36769
35310
30111
559
559
559
559
559
559
559
559
559
24399
11253
8496
25574
6928
6928
199
199
199
199
10125
8700
4820
7502
42527
27979
2666
2666
8015
8015
9451
-177
35674
560
560
560
1494
19326
33684
39219
303
303
303
303
303
303
303
303
303
18505
40101
9710
27218
192
192
192
192
192
192
192
192
192
192
26382
9096
31459
1971
36255
30577
41732
39313
407
407
407
407
5923
9989
37313
621
621
621
621
621
621
621
36016
1501
37068
27704
4366
4366
7588
7588
757
757
757
757
757
757
757
3324
912
912
912
912
912
3248
16571
36292
11467
19124
736
736
736
736
4023
14987
13973
13973
2440
17436
40499
4034
39604
8440
20390
35227
400
400
400
400
400
400
400
16143
16082
7670
33
33
33
33
33
33
33
33
33
33
33
33
33
33
33
33
33
33
33
33
33
33
33
33
33
33
33
33
33
33
33
33
33
33
33
33
33
33
33
33
33
33
33
33
33
33
33
33
33
33
33
33
33
33
33
33
33
33
33
33
33
33
33
33
33
33
33
33
33
33
33
33
33
33
33
33
33
33
33
33
33
33
33
33
33
33
33
33
33
33
33
33
33
33
33
33
33
33
33
33
33
33
33
33
33
33
33
33
33
33
33
33
33
33
33
33
33
33
33
33
33
33
33
33
33
33
33
33
33
33
33
33
33
33
33
33
33
33
33
33
33
33
33
33
33
33
33
33
33
33
33
33
33
33
33
33
33
33
33
33
33
33
33
33
33
33
33
33
33
33
33
33
33
33
33
33
33
33
33
33
33
33
33
33
33
33
33
33
33
33
33
33
33
33
33
33
33
33
33
33
33
33
33
33
33
33
33
33
33
33
33
33
33
33
33
33
33
33
33
33
33
33
33
33
33
33
33
33
33
33
33
33
33
33
33
33
33
33
33
33
33
33
33
33
33
33
33
33
33
33
33
33
33
33
33
33
33
33
33
33
33
33
33
33
33
33
33
33
33
33
33
33
33
33
33
33
33
33
33
33
33
33
33
33
33
33
33
33
33
33
33
33
33
33
33
33
33
33
33
33
33
33
33
33
33
33
33
33
33
33
33
33
33
33
33
33
33
33
33
33
33
33
33
33
33
33
33
33
33
33
33
33
33
33
33
33
33
33
33
33
33
33
33
33
33
33
33
33
33
33
33
33
33
33
33
33
33
33
33
33
33
33
33
33
33
33
33
33
33
33
33
33
33
33
33
33
33
33
33
33
33
33
33
33
33
33
33
33
33
33
33
33
33
33
33
33
33
33
33
33
33
33
33
33
33
33
33
33
33
33
33
33
33
33
33
33
33
33
33
33
33
33
33
33
33
33
33
33
33
33
33
33
33
33
33
33
33
33
33
33
33
33
33
33
33
33
33
33
33
33
33
33
33
33
33
33
33
33
33
33
33
33
33
33
33
33
33
33
33
33
33
33
33
33
33
33
33
33
33
33
33
33
33
33
33
33
33
33
33
33
33
33
33
33
33
33
33
30983
30983
27939
34875
34875
9244
227
227
227
227
227
227
38595
26725
21772
12914
12914
386
386
386
386
386
386
7980
7980
37112
21472
5317
5317
798
798
798
798
798
364
364
364
364
364
364
364
364
364
364
364
364
364
396
396
396
396
396
396
396
396
396
396
39646
9489
9489
24312
7960
7960
633
633
110
110
110
110
110
110
110
6568
38511
811
811
811
811
811
811
11067
8903
28011
6859
31079
23816
339
339
339
339
339
16805
4710
9215
9215
9084
800
800
800
800
800
28938
618
618
618
618
618
618
618
875
875
875
875
875
875
875
875
875
4996
7142
5326
20839
21046
34766
8449
329
329
329
329
329
329
329
329
329
9863
9863
8327
35155
4372
28832
474
474
474
37888
14991
10331
436
436
436
436
436
436
436
436
2686
39680
29705
29705
29828
22199
23516
11914
18543
29873
33869
33468
4861
32109
9417
14058
27472
16794
3874
2559
2559
8953
363
363
363
363
363
363
363
363
363
12439
1735
7299
4127
4963
34090
6615
2545
8784
16281
8359
953
953
953
953
953
953
953
953
953
953
1296
5470
5470
7534
5797
555
555
555
555
555
9363
9857
8883
3285
42729
3044
3044
8357
8357
9004
27749
7704
1674
6617
20910
39093
37096
9824
3190
30951
35675
41317
6575
21744
29997
32320
4933
22866
419
419
419
419
419
419
569
569
569
569
569
569
569
5806
5233
3896
41467
7798
13733
13733
7893
5749
5749
5749
4388
4388
5377
2952
16296
8753
35527
16430
927
927
927
927
927
927
5297
5981
5981
11620
25604
4652
224
224
224
224
224
33916
1725
31875
19128
23312
3094
5597
5766
9612
22327
27415
39516
261
261
261
913
913
913
913
913
913
913
37168
25019
480
480
480
480
480
480
480
5681
340
340
340
340
340
340
340
340
8878
28047
7913
28100
8163
7211
7211
41419
15015
8162
34772
41303
34241
6125
8768
5343
17728
322
322
322
322
322
322
973
973
973
973
973
973
973
25340
1839
6770
8892
28872
8105
2082
2421
29544
32761
7044
20990
12603
42304
2362
2362
2362
38328
856
856
856
856
856
856
856
856
856
28205
2927
35487
25358
615
615
615
615
615
615
615
615
42052
42483
35143
19692
14517
4261
669
669
669
669
669
669
669
40141
10523
31377
23216
7821
8453
21405
373
373
373
373
373
17043
20398
36263
42252
16047
352
352
352
352
352
352
352
352
352
28042
26525
27999
37035
5017
5017
23903
23903
5359
6101
9114
1693
1693
1693
35126
17845
38743
33229
36470
36133
32611
372
372
372
372
372
372
372
372
372
372
23689
8366
4340
4340
35612
35558
592
592
592
592
592
592
268
268
268
268
268
268
268
268
268
268
268
733
733
733
733
733
37405
14031
9506
12288
25416
6315
6315
23534
859
859
859
859
32001
15928
7183
769
769
769
769
9030
21
21
21
21
21
21
21
21
21
21
21
21
21
21
21
21
21
21
21
21
21
21
21
21
21
21
21
21
21
21
21
21
21
21
21
21
21
21
21
21
21
21
21
21
21
21
21
21
21
21
21
21
21
21
21
21
21
21
21
21
21
21
21
21
21
21
21
21
21
21
21
21
21
21
21
21
21
21
21
21
21
21
21
21
21
21
21
21
21
21
21
21
21
21
21
21
21
21
21
21
21
21
21
21
21
21
21
21
21
21
21
21
21
21
21
21
21
21
21
21
21
21
21
21
21
21
21
21
21
21
21
21
21
21
21
21
21
21
21
21
21
21
21
21
21
21
21
21
21
21
21
21
21
21
21
21
21
21
21
21
21
21
21
21
21
21
21
21
21
21
21
21
21
21
21
21
21
21
21
21
21
21
21
21
21
21
21
21
21
21
21
21
21
21
21
21
21
21
21
21
21
21
21
21
21
21
21
21
21
21
21
21
21
21
21
21
21
21
21
21
21
21
21
21
21
21
21
21
21
21
21
21
21
21
21
21
21
21
21
21
21
21
21
21
21
21
21
21
21
21
21
21
21
21
21
21
21
21
21
21
21
21
21
21
21
21
21
21
21
21
21
21
21
21
21
21
21
21
21
21
21
21
21
21
21
21
21
21
21
21
21
21
21
21
21
21
21
21
21
21
21
21
21
21
21
21
21
21
21
21
21
21
21
21
21
21
21
21
21
21
21
21
21
21
21
21
21
21
21
21
21
21
21
21
21
21
21
21
21
21
21
21
21
21
21
21
21
21
21
21
21
21
21
21
21
21
21
21
21
21
21
21
21
21
21
21
21
21
21
21
21
21
21
21
21
21
21
21
21
21
21
21
21
21
21
21
21
21
21
21
21
21
21
21
21
21
21
21
21
21
21
21
21
21
21
21
21
21
21
21
21
21
21
21
21
21
21
21
21
21
21
21
21
21
21
21
21
21
21
21
21
21
21
21
21
21
21
21
21
21
21
21
21
21
21
21
21
21
21
21
21
21
21
21
21
21
21
21
21
21
21
21
21
21
21
21
21
21
21
21
21
21
21
21
21
21
21
21
21
21
21
21
21
21
21
21
21
21
21
21
21
21
21
21
21
21
21
21
21
21
21
21
21
21
21
21
16470
442
442
442
442
442
442
442
6651
7004
25002
5076
537
537
537
537
537
537
537
537
537
7796
8877
4377
13139
28561
20146
6856
6856
452
452
452
452
452
452
704
704
704
704
704
704
704
40790
2521
38890
9029
2730
7571
2742
2742
34975
11320
32409
8258
8258
31987
4605
17706
804
804
804
804
804
804
37417
20126
21270
23042
247
247
247
938
938
938
938
938
938
41497
37394
4862
14900
32719
4647
238
238
238
238
238
1474
1416
1416
6081
1202
1202
18069
1882
1882
1882
8655
20294
8364
427
427
427
427
427
427
427
427
427
824
824
824
824
824
824
824
824
824
824
824
824
36163
9242
15509
14209
18861
302
302
302
302
302
302
302
302
685
685
685
685
685
685
685
685
188
188
188
188
188
7797
17145
4681
4681
9627
1212
18610
32422
7975
1747
1747
1747
1747
5272
2261
2261
26707
40728
5985
202
202
202
202
202
202
202
5902
24012
41132
4305
1199
1199
26405
3454
13719
34650
9981
3234
30457
17755
789
789
789
789
789
789
789
21570
3363
11286
12270
22077
8308
8308
129
129
129
129
129
129
129
129
129
129
8200
8200
12382
18122
40039
5240
5240
9558
9558
15556
9458
38072
534
534
534
534
534
534
534
28880
1585
20648
12584
28077
842
842
842
842
842
842
842
842
842
842
2894
19280
24784
5456
30372
9876
7267
32740
3189
30524
26045
29352
1770
8988
8988
8988
10491
6166
16957
8886
8886
30795
40240
6739
36160
6076
851
851
851
851
851
851
851
851
851
6611
29589
8486
5884
23751
13513
30361
29163
14129
42607
4650
9704
9704
3976
34366
8979
15205
1721
19094
14201
2580
2580
1458
35478
3421
3421
33754
17909
18077
36786
9713
9713
29310
33876
8301
33965
225
225
225
225
225
225
225
225
41035
18677
1577
1577
17762
41632
1350
1350
23305
762
762
762
762
762
4151
41729
206
206
206
206
206
206
206
206
22218
9805
21866
1583
9686
7318
1944
910
910
910
910
910
910
14223
889
889
889
889
889
889
41695
5895
5895
7122
7122
8597
25581
4596
4596
27942
9988
454
454
454
454
454
454
454
6962
6962
41827
101
101
101
101
101
101
14456
14399
8653
6399
6223
8853
8481
33118
269
269
269
269
269
269
269
269
269
269
39546
25778
31802
27318
688
688
688
688
688
688
688
688
688
688
688
688
688
688
15221
40006
31677
33730
2698
684
684
684
684
684
684
684
684
684
3563
6940
8669
761
761
761
761
761
761
761
761
761
761
761
519
519
519
530
530
530
530
530
530
530
530
530
530
10724
4678
20270
17720
6618
26692
42471
1169
846
846
846
846
846
27263
9079
6431
6431
6431
9065
148
148
148
148
148
148
148
148
148
148
351
351
351
351
351
351
351
351
351
351
21240
3057
3057
14359
6659
4629
9914
9914
4419
4419
4419
37972
37972
40538
8475
33266
3955
3955
603
603
603
26769
12729
3442
33458
31054
23410
1878
1878
33335
3375
389
389
389
389
389
389