8401
3943
7830
7984
9116
1975
3352
7682
2777
5539
4773
6288
3647
5134
9522
9161
6357
7172
1416
6069
163
2428
1372
8041
1566
4009
1297
1088
9989
2182
5129
8391
6126
2960
6375
5242
4935
9727
2925
7713
5267
7699
4002
8915
2833
3524
8077
9190
697
9493
5259
860
1922
6632
8902
3488
641
200
4577
630
2382
9706
9022
8509
2666
5397
3752
7602
5125
6677
5316
392
4376
9318
9308
7209
2842
7385
6399
3540
6878
1659
4401
8800
8292
3303
2289
8933
3503
6866
9564
5886
6573
8586
4395
9239
3984
8147
6842
9109
4824
2158
9502
9201
1476
8810
6410
4319
6195
2810
7860
3074
4470
2261
1875
2762
5564
4165
1696
9068
1031
1260
4954
7604
9847
9350
6844
3831
7497
3686
2941
2322
5844
2444
1523
7321
1254
7934
1641
7450
745
9501
525
5215
1762
2400
7977
7326
6565
9674
6394
7597
934
1349
5202
782
699
2046
4614
8196
5733
7555
519
1578
9999
2043
8899
1254
9977
540
8705
723
41
9230
5938
1803
1631
3916
9130
8196
3590
5524
5794
4525
6873
996
5308
7572
3042
9922
5769
8776
7478
6289
354
7478
8332
9253
8732
8310
9794
7438
9033
9835
6668
4972
1639
8300
8889
769
6497
2480
6294
2291
7006
3168
3287
2314
741
6330
2236
6511
5106
9714
2800
5461
7192
1132
4714
5925
9443
4509
3363
8476
4345
32
3449
5984
8332
2338
6754
4829
4819
3049
7120
1825
6218
408
4139
6959
6739
6376
3471
1846
6091
6271
7307
3283
7404
2022
9209
6847
6531
2572
5324
876
2604
8773
6861
937
1112
3616
5766
5932
6665
2887
7757
2883
3296
1897
9843
35
8273
3314
1882
4364
9586
9189
7648
6990
1211
6857
3838
7742
9430
9162
8619
2035
7936
5480
2972
9049
9096
8739
4981
5761
1627
2739
8645
4923
4636
8489
4959
2910
1804
6841
7275
1390
6031
4924
8381
7242
1782
2219
4985
1212
1382
3604
3248
9318
9084
6220
8368
8181
4960
3349
3943
6588
6088
2589
1512
725
1078
6472
3635
2882
3313
911
4273
9344
5835
2654
6587
7617
4874
1572
8830
6256
5177
2078
5575
4261
8299
3943
2443
3260
7293
6386
9848
3382
8975
1360
4107
54
7832
7743
2936
1146
8655
7210
491
4491
9864
7079
2108
4738
8651
939
995
3828
3017
6571
8090
1317
515
534
4577
7808
6920
4425
1191
5896
5786
5298
5950
3619
3042
8887
4765
1698
6097
5257
6189
5961
2336
8298
700
988
9237
1696
4817
2254
8267
2908
3571
8782
3442
8149
6591
363
2574
7782
6259
8361
3081
2210
1980
6124
1097
6746
7822
7194
2003
4011
3156
4340
2309
3857
5328
1547
5553
145
3802
3821
3054
7374
2604
6496
5523
9195
6859
8097
6978
3119
6458
60
5329
8439
6184
6426
5185
4007
3621
7188
8018
6778
1528
328
635
6857
1876
6189
7003
5678
11
57
3052
2615
6553
8575
1811
3413
6673
8790
6533
3132
8850
1862
1571
5034
8289
6756
9041
1911
3945
7060
8689
5473
7389
9324
2331
9265
5514
9334
4944
5525
9391
7996
8141
5944
6572
9952
9358
3245
8743
5891
6377
7593
7754
7949
2627
6043
4705
1669
7954
8650
8730
6644
4124
6119
5968
6456
5385
1483
5790
329
7009
5181
8326
5150
1126
4898
5103
484
8143
3846
6376
4521
1439
4130
2470
4067
174
7175
5737
8129
5826
4467
4773
9951
587
742
6407
5972
2226
2197
6302
9235
7379
4628
4385
8505
9526
9489
8990
7670
3335
5367
2191
4775
9498
4661
8843
9672
1837
4580
7802
7664
9047
2575
7616
9635
3318
4023
5607
5544
6221
1910
4779
3601
6538
9165
2106
6065
8654
1097
3735
1990
6465
5926
6765
5963
588
5608
5636
2426
189
3438
90
9236
6014
7706
8871
9332
1730
4479
4877
7952
6390
9656
1553
2928
8822
3660
8994
7476
4758
2729
9466
1223
8656
6231
7186
9245
1840
2822
1671
2029
6261
1762
1266
2275
9469
138
1608
1199
4618
6485
9152
1008
6142
705
3937
4964
4365
2931
2440
9123
5661
1907
347
4318
8139
7533
3563
9979
356
5235
2009
6617
6997
3276
8893
6467
3414
501
7667
8033
6987
6819
9041
3129
7524
2979
8093
1890
5911
534
1014
1572
2441
1361
5891
580
8895
9455
560
9252
4690
2569
5870
1688
5845
4763
8155
9260
5265
5822
7293
2252
2641
6335
5381
166
9315
3475
2057
5226
4009
3071
6799
6451
4433
2690
7031
3328
2145
7592
2581
6835
161
8451
8524
6007
3214
6679
5268
8480
2502
2562
732
5143
8898
6114
5310
8213
9589
7367
3439
3599
439
238
50
4872
2928
7082
8201
5074
4674
782
1909
4836
9233
433
844
2448
7113
6112
928
9615
8674
1660
4759
7572
7775
69
5786
7364
7437
9225
964
7876
9464
1014
2748
2393
8097
950
7467
2772
1733
9377
7608
966
9811
8452
3415
6924
4565
4343
6540
3239
6004
1299
812
3779
1369
6598
1144
8806
5824
2108
6683
5288
3123
9432
7682
1220
382
5149
3992
2115
4526
1601
3082
4337
54
6497
1262
4619
841
7802
7859
6846
9102
8671
626
471
5270
1771
9278
1095
3879
5961
6384
7003
5394
4066
8224
5776
9215
2217
7892
3742
3818
974
8079
3873
7472
9341
8492
8314
7144
6352
5161
6246
5024
5788
6718
294
7559
5997
1390
1439
1958
7774
8442
7353
1840
6667
3129
1055
8884
1022
4797
2703
1997
2877
6576
9470
2219
5069
7784
9363
1421
2946
5610
6445
8734
2328
6739
6293
8325
8129
7733
284
5904
6175
7637
7744
2842
767
8800
1727
1789
3597
4430
3787
6475
1006
3257
8694
6076
1041
8057
7497
3987
3667
3942
2721
5996
682
9015
4321
8812
6748
4606
4716
2924
2244
2460
5767
3011
1260
7494
4801
4858
1924
8588
1333
2931
1845
28
9007
2887
8086
6504
6875
1754
447
9597
7750
1129
8612
2072
9941
5361
6679
4658
8285
8923
7119
4052
1934
8379
1547
6736
3238
3471
5325