8401
3943
7830
7984
9116
1975
3352
7682
2777
5539
4773
6288
3647
5134
9522
9161
6357
7172
1416
6069
163
2428
1372
8041
1566
4009
1297
1088
9989
2182
5129
8391
6126
2960
6375
5242
4935
9727
2925
7713
5267
7699
4002
8915
2833
3524
8077
9190
697
9493
5259
860
1922
6632
8902
3488
641
200
4577
630
2382
9706
9022
8509
2666
5397
3752
7602
5125
6677
5316
392
4376
9318
9308
7209
2842
7385
6399
3540
6878
1659
4401
8800
8292
3303
2289
8933
3503
6866
9564
5886
6573
8586
4395
9239
3984
8147
6842
9109
4824
2158
9502
9201
1476
8810
6410
4319
6195
2810
7860
3074
4470
2261
1875
2762
5564
4165
1696
9068
1031
1260
4954
7604
9847
9350
6844
3831
7497
3686
2941
2322
5844
2444
1523
7321
1254
7934
1641
7450
745
9501
525
5215
1762
2400
7977
7326
6565
9674
6394
7597
934
1349
5202
782
699
2046
4614
8196
5733
7555
519
1578
9999
2043
8899
1254
9977
540
8705
723
41
9230
5938
1803
1631
3916
9130
8196
3590
5524
5794
4525
6873
996
5308
7572
3042
9922
5769
8776
7478
6289
354
7478
8332
9253
8732
8310
9794
7438
9033
9835
6668
4972
1639
8300
8889
769
6497
2480
6294
2291
7006
3168
3287
2314
741
6330
2236
6511
5106
9714
2800
5461
7192
1132
4714
5925
9443
4509
3363
8476
4345
32
3449
5984
8332
2338
6754
4829
4819
3049
7120
1825
6218
408
4139
6959
6739
6376
3471
1846
6091
6271
7307
3283
7404
2022
9209
6847
6531
2572
5324
876
2604
8773
6861
937
1112
3616
5766
5932
6665
2887
7757
2883
3296
1897
9843
35
8273
3314
1882
4364
9586
9189
7648
6990
1211
6857
3838
7742
9430
9162
8619
2035
7936
5480
2972
9049
9096
8739
4981
5761
1627
2739
8645
4923
4636
8489
4959
2910
1804
6841
7275
1390
6031
4924
8381
7242
1782
2219
4985
1212
1382
3604
3248
9318
9084
6220
8368
8181
4960
3349
3943
6588
6088
2589
1512
725
1078
6472
3635
2882
3313
911
4273
9344
5835
2654
6587
7617
4874
1572
8830
6256
5177
2078
5575
4261
8299
3943
2443
3260
7293
6386
9848
3382
8975
1360
4107
54
7832
7743
2936
1146
8655
7210
491
4491
9864
7079
2108
4738
8651
939
995
3828
3017
6571
8090
1317
515
534
4577
7808
6920
4425
1191
5896
5786
5298
5950
3619
3042
8887
4765
1698
6097
5257
6189
5961
2336
8298
700
988
9237
1696
4817
2254
8267
2908
3571
8782
3442
8149
6591
363
2574
7782
6259
8361
3081
2210
1980
6124
1097
6746
7822
7194
2003
4011
3156
4340
2309
3857
5328
1547
5553
145
3802
3821
3054
7374
2604
6496
5523
9195
6859
8097
6978
3119
6458
60
5329
8439
6184
6426
5185
4007
3621
7188
8018
6778
1528
328
635
6857
1876
6189
7003
5678
11
57
3052
2615
6553
8575
1811
3413
6673
8790
6533
3132
8850
1862
1571
5034
8289
6756
9041
1911
3945
7060
8689
5473
7389
9324
2331
9265
5514
9334
4944
5525
9391
7996
8141
5944
6572
9952
9358
3245
8743
5891
6377
7593
7754
7949
2627
6043
4705
1669
7954
8650
8730
6644
4124
6119
5968
6456
5385
1483
5790
329
7009
5181
8326
5150
1126
4898
5103
484
8143
3846
6376
4521
1439
4130
2470
4067
174
7175
5737
8129
5826
4467
4773
9951
587
742
6407
5972
2226
2197
6302
9235
7379
4628
4385
8505
9526
9489
8990
7670
3335
5367
2191
4775
9498
4661
8843
9672
1837
4580
7802
7664
9047
2575
7616
9635
3318
4023
5607
5544
6221
1910
4779
3601
6538
9165
2106
6065
8654
1097
3735
1990
6465
5926
6765
5963
588
5608
5636
2426
189
3438
90
9236
6014
7706
8871
9332
1730
4479
4877
7952
6390
9656
1553
2928
8822
3660
8994
7476
4758
2729
9466
1223
8656
6231
7186
9245
1840
2822
1671
2029
6261
1762
1266
2275
9469
138
1608
1199
4618
6485
9152
1008
6142
705
3937
4964
4365
2931
2440
9123
5661
1907
347
4318
8139
7533
3563
9979
356
5235
2009
6617
6997
3276
8893
6467
3414
501
7667
8033
6987
6819
9041
3129
7524
2979
8093
1890
5911
534
1014
1572
2441
1361
5891
580
8895
9455
560
9252
4690
2569
5870
1688
5845
4763
8155
9260
5265
5822
7293
2252
2641
6335
5381
166
9315
3475
2057
5226
4009
3071
6799
6451
4433
2690
7031
3328
2145
7592
2581
6835
161
8451
8524
6007
3214
6679
5268
8480
2502
2562
732
5143
8898
6114
5310
8213
9589
7367
3439
3599
439
238
50
4872
2928
7082
8201
5074
4674
782
1909
4836
9233
433
844
2448
7113
6112
928
9615
8674
1660
4759
7572
7775
69
5786
7364
7437
9225
964
7876
9464
1014
2748
2393
8097
950
7467
2772
1733
9377
7608
966
9811
8452
3415
6924
4565
4343
6540
3239
6004
1299
812
3779
1369
6598
1144
8806
5824
2108
6683
5288
3123
9432
7682
1220
382
5149
3992
2115
4526
1601
3082
4337
54
6497
1262
4619
841
7802
7859
6846
9102
8671
626
471
5270
1771
9278
1095
3879
5961
6384
7003
5394
4066
8224
5776
9215
2217
7892
3742
3818
974
8079
3873
7472
9341
8492
8314
7144
6352
5161
6246
5024
5788
6718
294
7559
5997
1390
1439
1958
7774
8442
7353
1840
6667
3129
1055
8884
1022
4797
2703
1997
2877
6576
9470
2219
5069
7784
9363
1421
2946
5610
6445
8734
2328
6739
6293
8325
8129
7733
284
5904
6175
7637
7744
2842
767
8800
1727
1789
3597
4430
3787
6475
1006
3257
8694
6076
1041
8057
7497
3987
3667
3942
2721
5996
682
9015
4321
8812
6748
4606
4716
2924
2244
2460
5767
3011
1260
7494
4801
4858
1924
8588
1333
2931
1845
28
9007
2887
8086
6504
6875
1754
447
9597
7750
1129
8612
2072
9941
5361
6679
4658
8285
8923
7119
4052
1934
8379
1547
6736
3238
3471
5325
4572
6403
7170
4600
5411
58
2686
1916
6933
4440
2363
6530
2191
3493
5143
4264
3435
504
943
8093
8790
9866
5212
2842
1801
3592
4389
8537
6830
7861
3862
1403
4265
1033
6004
9676
1092
8690
1593
8026
3131
3956
4556
5323
7450
9700
9587
885
205
530
8978
8995
397
4191
1838
2198
7783
6227
736
4614
4089
4599
6018
8355
5633
2022
8032
6725
713
9625
4751
3845
3582
9308
9168
1032
9008
8756
1917
9214
9286
896
8209
9683
5087
47
1882
2871
6275
2618
7486
364
7218
3505
8720
2851
5527
6752
9577
6240
6378
4328
85
9960
3637
9254
992
2646
8010
2910
1860
7297
3807
69
6980
8895
116
8863
1767
6391
1482
9253
6756
8700
2758
5477
1552
8286
2229
1129
4526
8607
5457
4612
8568
9095
3866
9561
1741
1876
2471
3601
9173
6278
3671
6154
5173
3787
5018
6940
179
6500
6194
6936
5201
8953
2414
6753
7239
4643
7882
1766
3251
3340
6379
1820
2435
245
1381
4176
2122
3852
7778
1296
131
1449
7451
5305
5237
2469
2246
5417
8970
8441
2354
4171
7394
4768
924
4634
9412
8807
6400
2664
2147
2780
4484
4582
3025
5865
8759
5148
9718
6537
6445
9849
7987
3896
5155
3224
6366
7401
8641
5337
5842
996
9508
3237
5764
433
7871
5177
9241
4272
7841
1388
7052
2325
5971
78
8191
4730
5227
7909
1268
1672
7758
9255
5569
2914
2479
1935
316
1121
7272
6158
2117
6781
9396
7882
7215
7268
3059
6456
1541
901
7844
8594
3226
3816
8673
1417
8546
3900
9327
9814
5572
7086
9069
1141
0
1549
3077
316
2670
350
6475
4788
7131
5871
2671
4347
3140
5731
803
4681
6632
8648
3276
9859
2464
1949
1277
1011
5849
604
825
1422
7690
9895
2564
7691
1444
5642
8007
4115
5992
4483
8904
3124
355
1575
7472
3495
7306
8276
8177
3939
6924
1453
3798
9389
3403
5076
400
9253
5680
1226
676
3371
1122
3240
1062
2566
8883
9070
6682
4876
3553
5586
8001
3908
7161
5473
7404
4468
3749
5581
8408
674
7035
2206
64
438
7282
465
9692
2963
1691
368
6335
2813
3609
7397
5380
2492
6468
2062
7369
22
7649
5370
3930
4811
843
1335
9280
4593
6917
7688
5268
3953
9894
5332
4392
7177
5797
4084
141
7489
4452
6476
303
8061
3874
5683
554
343
7746
7923
365
5395
3293
4296
207
4137
5631
9487
8730
2549
7175
3999
6502
7069
9331
894
4247
5129
4978
4389
2618
9430
865
2922
7492
4740
8605
8046
5083
6352
5969
5448
1748
9262
9744
1955
3400
5376
1442
2131
7925
8617
6130
4427
5687
5462
5322
9935
591
300
4324
3210
9731
5190
6132
7223
9931
4738
5270
5014
1090
1239
463
2839
502
208
4794
3902
5585
6237
6034
3510
4854
2164
7938
542
7626
3260
477
8218
3561
4801
1428
3293
9992
7561
516
9923
2299
5787
4938
3390
7026
5401
6229
7529
5610
1024
1432
1195
7261
7466
4706
2116
9630
2645
2658
7257
5906
3135
5476
9468
7937
6905
2761
7929
4466
3278
7853
6766
9065
2791
156
6091
8193
6386
3621
3804
7411
5053
5000
4672
2519
9706
6788
2150
2352
9446
9408
8258
2582
4884
7727
520
1789
488
8450
6255
3766
6303
3022
2831
9095
3179
8923
7289
9566
2544
1093
6977
7597
6093
1650
117
5800
8438
2268
8152
7885
1676
6411
468
6560
4138
988
8350
4627
9438
4606
8393
5742
7628
1224
4837
807
148
2126
374
2692
3219
7351
290
9313
9001
407
5113
7440
2675
3266
5326
4352
9678
5794
913
3817
6783
9263
8444
6222
3870
6838
1964
1498
8063
6801
2306
8211
8928
2680
903
2147
32
1193
1461
9033
1601
6575
6474
4277
9842
1800
8629
9520
7595
9542
3338
4379
8805
1783
601
2676
8621
2565
4174
6684
9367
6481
4895
8295
9162
5799
443
9194
6993
1905
8228
8594
8480
4703
2871
8322
6504
1500
7842
4100
1043
1181
8479
9849
2964
9081
2525
1585
1646
6700
8270
1014
3181
3166
9310
2344
8966
9753
1539
5959
1658
9767
4554
139
4471
7426
8461
975
8927
6304
5075
9970
7485
3555
9819
449
2636
2345
2035
4283
9045
306
5297
2227
3472
4607
4571
2439
4361
6110
8398
6020
5878
2953
6159
350
379
4620
1325
9306
924
6401
9277
8410
9956
9096
8860
2592
1441
896
6875
487
1202
2172
2714
4675
6780
7286
7114
1142
3397
5513
7162
9276
8466
3321
9626
8845
7942
951
8151
8867
7353
7429
7277
7309
6525
6138
9901
7967
7034
6777
8455
8236
8950
1169
2911
5730
8456
26
6872
1853
5539
4035
1129
4005
7357
756
2850
5299
1708
1002
4167
9061
8431
1444
6370
4957
7582
6272
2925
4617
3049
1380
2853
1999
2550
5765
7730
1007
5791
4603
2860
1331
8638
3990
5336
5995
4746
8187
1295
6455
9189
5462
5516
7621
6907
1886
2579
4490
8159
5504
9107
1208
6885
1960
3207
9436
7726
937
443
3518
5540
3304
4849
4179
7294
185
175
2041
8372
1470
8496
7562
6933
4013
5184
3840
5900
7763
8330
4059
3268
7437
5267
154
9398
8475
9590
7125
9413
34
643
4954
3338
5492
9133
633
5678
9308
2675
4050
779
1172
1613
7712
5185
6797
1552
1086
4561
9883
5145
7830
7321
412
7984
6720
8887
7575
3845
8301
7610
4488
3255
949
9981
2388
1583
5659
1697
4258
9710
2476
5431
1324
189
617
8121
1742
1703
2683
1625
6848
513
8947
7261
8498
5667
6149
6074
9512
4450
3684
4001
7705
4633
3982
94
6216
9642
1792
475
9352
4269
5907
676
4458
6525
8798
6200
8228
1482
7826
5077
1996
6773
2339
494
2440
8489
6568
1953
2939
253
5954
645
4887
9937
740
1104
9580
2532
1580
8933
6801
7487
9610
1260
4012
8408
7460
2241
9891
5287
7319
1887
2060
9658
2382
4501
8147
8951
6454
1087
9204
2409
1733
4092
2347
2474
5196
1927
5007
6776
860
1808
4264
470
3069
8277
8879
529
518
8770
5816
7838
658
7877
7496
3040
2378
5644
1991
8832
6732
1196
1242
8466
5288
3589
940
485
5516
5947
7261
6377
7756
1526
6847
825
9803
5727
1355
321
4498
7172
8159
5157
5049
5656
8197
7428
1301
189
6261
8034
1386
7503
6500
6675
1092
7441
7160
6609
3389
4422
2986
1145
5948
9834
1971
5752
5562
3327
6073
61
499
4233
5218
5548
9890
3416
2976
1192
3606
9237
9226
4992
6741
5727
1668
7834
3168
8829
4443
6558
3252
7430
7704
9200
7265
9675
4952
2828
3002
1026
2889
3502
5260
8107
9050
5151
1524
2027
6343
5130
1265
5570
123
8007
1297
1791
5841
4466
620
285
1024
3872
7715
8728
3073
4981
8404
8026
7809
1406
9053
699
4908
4314
8807
3959
9465
331
5987
5808
5461
7253
1378
5584
5260
2676
7376
1101
7142
7996
1386
8166
1869
9102
6895
4943
4084
5299
2969
1894
6706
2023
2593
1614
6337
1400
5574
5802
1732
1562
1611
7193
8816
2990
2778
4076
5666
154
5178
2808
8151
6565
975
21
5668
7870
4964
9752
3169
7934
1646
9875
9957
4239
1490
6294
5640
7065
2097
7372
8627
3708
4566
7443
6698
7345
1520
2364
7500
6699
5173
5651
3264
6148
5673
8932
4018
637
8684
7188
8571
330
7063
8528
4570
8554
4823
210
5619
6920
7583
4247
629
2150
1691
7328
9495
3211
9693
6996
9910
4866
2647
3175
1015
8320
2108
5033
8958
792
2222
7529
1123
9286
6058
5694
7840
882
5905
3459
7802
3488
7706
8432
5639
9397
5760
5134
2609
5453
2130
2520
320
4778
5696
1335
3099
7804
6369
2058
8596
8591
9587
9720
7877
5646
5414
5717
6528
1319
9177
4331
4808
6883
2763
447
6281
8523
5582
8891
3977
7713
1412
4297
2492
7108
5632
5592
4912
2001
7650
3509
592
7238
3229
8470
2884
8644
4187
9412
9964
3365
3744
4773
249
6507
5221
6530
5031
804
5422
9008
8517
6834
3306
1010
3942
8939
6603
8854
940
4253
2363
1533
1491
5593
4
4376
4237
4191
3789
4202
7556
7533
8975
7805
4041
4196
4336
9072
5000
9759
8081
3518
6593
1388
4529
536
327
1132
9391
1268
5385
1754
2801
6877
7348
2805
1254
1586
6997
5043
5788
4554
2577
4763
2360
6619
8960
6697
5691
3960
6456
3773
7479
3050
5162
2008
3587
5489
3140
2978
6757
8526
4733
9559
5403
2081
2365
6658
3667
9363
1702
9456
3917
4279
4219
6278
899
3180
2976
6591
7140
9433
364
4620
2483
5526
6628
6071
1016
9769
9049
7773
8295
3783
7333
3699
5864
9698
357
9532
9061
2059
8988
2979
6339
3208
9258
7239
6388
2234
3830
3529
1667
4195
8149
4151
9721
4778
222
738
4547
9272
8512
2843
3055
5845
6542
8920
5543
6900
8453
4605
8960
7442
7584
5300
650
6843
2539
7039
9077
6369
568
745
564
8718
4896
286
3497
5119
1024
8045
4391
9536
888
7447
5382
7431
6367
925
4332
4821
5531
3292
2263
3116
8593
2913
9959
1132
9952
9036
7502
521
9781
8066
9240
4678
8353
2737
9797
9378
782
4189
8915
1671
1636
4297
9102
8004
5222
3434
2825
754
6727
5088
3870
5321
8002
3829
6453
7955
2865
3956
8477
2647
2023
7717
7325
376
454
7123
9754
1236
1312
8669
2907
2949
2967
2010
953
8189
5445
3778
8943
2173
8867
2814
7494
6869
6643
3948
4825
9508
7904
3302
2156
9927
1019
9482
304
1474
6605
59
2711
7917
8729
5619
866
1696
7629
1820
9886
3075
5599
8830
5248
4466
1644
2743
1336
8287
6691
6161
7796
4596
9463
9952
4524
483
9434
4828
1957
6039
4887
4668
3957
3616
287
4824
5312
7917
6644
5198
992
2243
4028
6241
6709
5672
8984
8046
3959
5676
4207
1756
272
3671
1708
4796
4155
1143
9625
6112
7183
4512
781
1140
8129
1068
5964
3441
8986
2609
8640
9978
4852
2668
6220
1562
8341
5204
9608
2301
881
3816
4057
1154
7488
5766
5951
1643
6909
5576
7756
4092
88
8537
5232
8217
9606
1197
1659
8592
3806
299
8571
8659
2968
4791
221
1309
9996
9830
3611
877
3646
7668
2031
1135
3434
7982
2778
343
3559
535
4435
3647
9073
9668
1865
8679
866
3525
7272
4672
3824
5844
3332
6792
635
3553
8102
632
3384
1713
1510
7031
9382
3542
8166
2817
1525
945
3160
5084
1480
7596
8732
553
7265
597
9233
8131
4123
6506
2804
7947
2350
6136
4740
2986
9690
2843
3618
3074
4557
5129
106
3939
8671
8272
6756
196
9218
9917
5280
698
7514
4013
1252
4779
4611
486
2911
8734
6992
5716
6681
9343
1853
1422
2329
1543
4265
5948
4618
8822
1077
4725
2761
9748
2997
9518
9945
2215
9436
5225
2914
6950
9238
4167
1730
3850
4653
4642
2584
1646
358
9265
989
2211
688
3319
3755
4953
9267
8374
3775
344
3099
6537
93
6097
6056
38
8313
5492
5264
1227
2442
4503
5395
4173
8353
49
8815
937
1695
9173
203
2685
1385
891
6004
5141
5845
5272
3515
9621
5617
6615
6158
5710
2712
2215
5749
1025
7707
1013
2253
150
5517
7649
4323
3870
7698
3138
4808
9394
2312
5011
2080
3697
5903
8084
8838
1748
3357
2354
1369
8974
8969
7528
4684
1682
9743
434
2708
7451
1447
4961
7602
6965
2611
1925
835
309
5064
5644
9704
7377
655
1784
1075
6559
9869
9914
8307
3226
2268
9677
2200
1238
7205
6885
2920
6949
7319
5628
4401
8767
590
2003
5732
3201
3929
6568
3511
8994
2212
3215
6371
2868
4999
7446
9427
4868
7360
7735
8095
9629
7412
295
867
4618
7180
3788
1568
4500
9417
5969
3268
7
7973
9000
3209
1903
5569
6720
897
7781
9935
7269
649
4935
4715
77
9803
2076
7812
7898
1706
5224
8194
2574
9842
5375
6362
1410
9875
5780
7380
3143
5787
5353
2144
8996
7256
7713
5717
8154
5495
5652
5423
6144
587
138
6222
391
2215
4034
8290
3921
9258
6484
6496
9101
1859
2858
512
1735
8638
7892
4879
4426
3245
7024
3423
502
4738
9140
8656
233
4793
4079
6378
5380
4218
2600
5772
6433
6634
4062
355
5893
546
6851
4994
2406
9710
5506
4142
8349
3399
9022
2776
6645
6046
6199
7147
784
5340
5804
1017
133
9883
7396
5514
4102
9996
1286
536
6630
5348
891
2524
5895
7743
7519
8301
7454
3026
2444
5803
6425
1466
8579
3070
7512
4779
217
8297
119
6022
9315
253
5906
6711
5767
8
6707
7053
544
3338
2401
1436
5862
8297
9179
3381
6599
6633
6408
9043
2437
2833
509
1017
5903
8022
5796
6121
6320
5916
2143
5635
6169
8049
2346
1936
8057
9054
8990
8602
2393
1392
38
8255
9689
9218
1637
6288
5852
8045
5331
8289
879
5841
9307
6782
3863
5104
2904
184
1020
5047
5819
7190
3097
8166
9126
1155
7220
8117
9758
9614
9509
9796
7870
9198
9015
9507
5487
4867
7553
818
3157
8433
6660
2464
5215
523
7568
8120
708
8588
3168
6527
5778
6265
4694
4905
7421
1915
3022
7179
1529
2532
6976
9399
1730
5991
8907
7217
858
6461
8036
4015
4894
4696
6480
110
5220
4048
8230
5928
2637
1398
2456
8416
7663
7150
3322
5085
9065
6345
2264
594
8877
9240
9994
608
5232
8901
7826
6090
5362
5863
106
256
559
6586
366
5780
635
8596
1709
3272
9995
4165
1689
7658
1316
5011
2744
382
1357
5008
977
234
4249
971
842
9482
9872
8669
5572
5235
4532
5679
5491
5092
2265
5858
872
2901
4455
2581
6173
4450
6747
7863
2109
8064
2875
4853
8446
4232
9862
9423
4466
4112
395
5309
3594
267
3978
9167
5502
8510
4846
994
3603
7112
6853
4475
13
1308
7057
6187
5758
3805
4050
7867
1869
6925
2721
316
1157
2583
9740
5624
6695
135
933
290
403
4912
9457
5906
3423
4304
6900
7026
1416
3754
1502
1429
5062
8559
7616
821
2365
1666
8689
4234
8592
1410
4551
9749
3994
4291
5374
690
4427
6307
980
4830
1220
438
737
4643
4742
7638
1669
6158
1392
3172
7587
6454
1731
5204
7275
4096
6871
5965
8331
5463
7375
2883
5213
1369
7175
587
2059
1602
6895
3040
6433
8115
3478
7170
2759
8220
4808
4429
4379
6200
7601
1967
2655
9333
7171
9931
3429
4043
5896
1761
9507
3271
4645
4720
4641
1820
5308
6701
3422
2204
9742
9855
320
3220
7026
3079
1441
1834
7509
5820
8035
5110
7788
691
4443
4959
622
7873
9002
6518
9635
8510
9790
4280
3231
4432
6100
8539
1133
9523
744
875
9379
1064
4096
6405
4144
5537
8240
1653
1358
6276
6764
9146
6967
1207
4106
7589
9081
3109
4108
8716
1619
3898
2996
4850
8330
9097
3390
9464
8620
4135
340
7999
5200
4436
4404
9344
9974
2644
998
1333
8921
7762
480
5888
8970
4586
3478
8051
7695
7586
6767
9315
1485
9764
4166
9816
8861
7556
9280
7481
1691
9621
5480
6891
4057
9885
6236
4032
2530
7235
5365
1451
4997
5845
7339
3967
432
817
2018
8128
8404
8786
7443
9889
8550
1609
9706
7411
9166
8987
4892
858
8608
373
7750
2666
258
3986
6698
2788
1222
2064
4239
6219
7909
1579
187
8342
2397
2206
6470
801
993
3914
691
9543
5523
397
6955
4690
9384
1848
5548
7992
2221
3298
659
2480
7285
7357
5268
8508
9421
9508
4727
7331
1088
4915
5673
3485
7122
2144
4287
8115
6058
4978
7659
1582
5376
4614
6272
4760
6462
1821
2753
8684
5120
3412
1165
2405
770
6433
914
192
5942
5641
7523
7030
557
3197
516
7680
5342
4803
5795
1400
9782
3455
2982
5158
8069
9254
9918
4532
1076
2672
3217
6196
6085
4382
8602
6855
816
9516
7047
6759
5158
4571
3790
5715
7769
4306
3396
3111
9110
9191
4511
8892
2646
7494
4050
716
6749
3969
5248
7825
6642
8466
4021
2727
2848
2623
9582
3665
2139
6630
424
7298
1202
4214
3013
8971
8521
6410
2082
7631
5601
6594
6523
8248
4088
574
8964
837
4544
4213
8663
1187
2680
2684
3914
5528
5308
3497
9194
7448
128
9618
4746
1330
3832
7760
301
2353
4170
2384
9985
9772
8978
6509
8020
3067
7084
6985
3905
1629
1199
2568
2816
3879
5253
6731
9408
562
229
8602
8010
357
8221
2757
1687
2054
517
1989
4408
4688
4373
4393
4460
3352
902
2481
6420
7986
9466
326
9615
666
2895
2432
4546
8148
9163
3955
8711
9392
2558
6721
9750
779
9478
1438
2833
9996
3427
7242
4684
7801
1635
9145
1154
2538
1626
7574
524
1093
7901
140
1760
796
2573
6306
8945
1737
261
7656
1129
2820
4378
880
3599
3857
2318
6433
3853
5746
3675
8538
3547
5311
7683
4702
7849
9310
2277
8374
403
178
8515
2163
974
1088
8470
9920
2825
8732
7576
3955
1552
1954
4835
5152
5811
7154
1585
9665
2900
5261
8204
6448
572
5888
1150
8422
5198
3427
6796
5601
3605
5311
7765
4580
6399
6236
4500
9225
4968
2077
3180
6520
4031
8016
1672
9843
5170
3258
9509
8070
8520
7713
4518
9093
3601
5669
7515
8800
9096
4311
4402
2702
9623
2167
7282
6023
8403
1783
5248
3372
3860
8428
9892
7892
6444
1565
7736
1614
4823
7245
9685
3344
4959
4204
2437
8561
9873
9952
7361
8969
4264
1763
1671
3888
3931
8954
9911
2335
737
5159
5707
4597
3588
5600
2489
32
7165
225
1647
1989
7471
1333
5333
2431
5537
7770
992
5410
7723
8354
4380
1988
117
6052
5877
4049
5006
5788
6385
5744
948
2092
341
4536
7693
2831
4569
4858
3057
6217
6847
529
7550
2181
2960
3087
9952
3952
8498
7676
2306
2878
9665
2424
8931
5542
6474
3937
1331
2859
9681
2279
4952
23
6816
2645
2855
1385
7503
5913
7602
4351
6442
5153
6532
9402
8241
6485
3355
6739
4161
5662
9618
3826
8087
8549
9368
4561
2487
699
7420
2169
2979
2373
2193
9795
5018
5048
1181
2522
961
8784
6873
7403
3937
3406
6806
2178
9891
162
8918
4053
5824
8536
7879
3911
7086
7247
8473
9573
7947
5894
1743
926
8267
3936
721
3285
8984
1903
5808
9946
687
2681
7350
4624
6088
4156
6803
5980
4319
5721
33
143
4258
7912
4055
1344
5160
2528
918
3107
8423
2661
4034
6690
6598
4756
9976
5583
6659
5784
5529
7346
8466
2879
1971
4555
7036
8774
535
1355
4496
568
1499
8754
8481
5555
99
3641
8084
1018
6749
6507
3680
784
3197
278
5540
3174
5861
2200
8959
1390
9547
7425
4270
1518
1980
1307
293
2516
2663
4790
3085
4162
3544
1566
9717
3644
5208
7801
4662
1958
4309
8342
2742
7506
8620
8283
681
4482
483
9640
5873
30
7065
143
1549
9046
1450
1842
1562
4113
6632
4648
8276
177
6214
7994
3822
1423
5796
8484
3381
105
6827
6124
7611
5448
4407
8292
9930
4890
7933
5803
4921
4998
5947
6470
4045
7397
8313
5608
1511
4946
256
9787
5124
6471
7781
8946
7894
3577
7431
1275
3682
4258
7400
1294
9707
1807
9587
9637
6698
7520
5441
1619
2519
1388
8090
6564
8786
6403
2173
297
1350
2429
85
6474
8900
7867
5420
6795
1445
2852
8071
5128
7110
5471
6423
6817
7278
6011
6455
3976
3531
1897
5596
6051
3285
3687
2616
2072
90
4789
2370
1440
7219
2455
7915
6120
323
3335
2915
1769
6188
986
6897
3298
6458
3321
116
3736
9332
6572
7713
2864
8469
3310
8915
1755
6997
1532
3827
7088
6322
6197
8528
3541
8653
6444
9662
8977
9780
2577
746
5968
3564
7643
9267
22
964
9383
3759
297
5956
1472
3161
4426
4783
2077
6181
1780
3609
9
8868
9931
6207
7397
3473
4860
3841
3135
3838
3622
5713
4584
9590
9277
2228
8857
9300
3193
8241
3060
3490
4197
4533
6651
8624
9316
8728
4806
1097
2337
4815
9965
2269
1023
7363
5742
5884
1205
8878
9722
4827
4591
4306
4418
3869
6534
3275
3170
9727
1516
6230
3217
5714
763
9869
4338
79
8598
9144
1176
935
3960
1142
3205
4983
8506
8947
867
9712
7825
589
4540
2417
4895
8958
6286
1430
2233
9456
1157
3749
5686
4375
9464
6449
4245
3802
6529
2843
2947
7706
3779
6907
8848
6984
1891
7355
5932
2758
7067
3758
3348
1607
6175
8244
565
2462
9674
2799
1918
832
6548
7605
5208
6013
4055
9453
9815
584
2296
2763
8290
6075
9671
7139
3059
1562
4494
8992
4321
1562
2750
7670
3169
8926
5914
3735
1388
5589
6534
3307
6422
3083
912
1630
9096
4967
1084
8912
5552
3380
1676
3843
9456
1347
982
2516
2910
5477
1508
7232
7039
4259
4902
209
3185
817
3945
4574
6406
479
7881
2829
3563
8794
4459
2660
3761
5543
1573
9314
8924
3249
3157
8380
4597
4140
896
7507
9617
2404
4739
6657
6664
9642
6866
9849
459
811
4423
6866
1291
2305
9695
4855
1099
4155
7515
4861
9699
9088
4175
8623
2338
7333
7003
6935
1473
7900
4443
1091
305
9183
7748
6969
8825
4614
6818
9285
5426
1242
6152
6718
3548
5848
1573
4647
4
9088
9509
9703
8177
3685
8326
515
1018
5330
7451
2492
3230
1895
3583
3535
1078
1331
505
9904
5946
7323
9190
1372
8566
5342
8090
2115
1191
9664
6763
1195
8752
6272
898
6930
9957
9225
7445
976
4556
4897
3468
7787
6792
7051
1323
7871
8383
1828
7775
4329
9152
6966
5702
7718
2308
3793
9834
3500
3457
6597
4695
2210
2869
5594
9140
2827
4820
6586
3803
9377
1483
7272
7164
8276
4323
8487
6147
2707
315
3923
7036
9467
889
2739
7186
3198
6532
7020
6698
9990
3617
1394
2200
6487
6989
1340
9314
1810
7926
3118
1187
9410
390
8352
7687
4714
6839
3835
7421
7154
7758
4457
6622
8648
7197
3808
1846
3730
829
8545
3720
4446
9940
5920
934
6930
7261
248
8740
5188
3366
9928
4599
3757
8280
2286
8471
5119
6121
5892
2274
3880
350
8897
2528
7547
2705
4374
1277
3535
2920
4998
7981
2860
918
8916
9790
8180
9164
8531
3368
2531
8460
7967
6288
6740
254
4760
1860
6375
652
4135
256
1003
3032
2784
8551
5738
7159
9828
9273
79
4827
7255
2940
5745
6171
2731
3926
5336
1263
7295
7868
9723
5263
4157
6463
5517
8917
8324
1893
9570
2459
2149
573
5492
4933
9124
1230
2093
8953
504
2173
3780
7760
5113
9526
3931
7845
3453
9268
9108
748
7136
8831
6011
1293
5295
1528
210
3619
3422
9781
6079
5571
354
1571
505
9479
2802
2599
8433
3307
4772
2214
1067
9886
1741
4998
7731
5194
4267
6839
5942
1403
5671
1954
2696
967
3483
2907
4587
6905
2688
666
2477
3043
2238
2983
2523
5041
5582
957
8348
355
3171
9415
241
4912
4414
7972
107
8681
4812
6050
84
484
8004
2781
1451
1488
5689
6038
8393
8378
6705
871
1422
8943
3855
3945
3985
9437
4902
2333
9793
8074
1748
34
2986
6162
8007
3094
4843
2820
9144
4928
3304
7149
7710
4756
8637
3399
794
7031
1778
7500
7902
3200
6444
1758
7145
429
1195
2048
2762
989
122
4511
1023
3109
674
9031
6203
5518
1851
5348
446
5156
2497
8157
9912
1135
1556
707
8166
3334
8208
6069
6535
4652
7827
3680
5082
9023
5728
7844
12
5851
2356
1036
8960
3030
67
5163
8549
1919
512
8995
7075
3009
7153
6988
4144
8710
7696
2311
2044
5904
8380
8579
556
6208
2260
5638
5231
7989
3483
5244
3840
5840
6280
2800
8871
6348
7964
7420
8267
8477
6416
5343
1486
3569
2331
5631
2279
28
7943
4324
5932
6324
2904
6489
2532
5164
2128
7764
3154
5611
3009
6995
1452
9290
9796
323
5638
7761
7743
3906
6238
4159
9250
7725
7729
1582
3356
8
1610
1300
4333
7542
7624
7237
4031
157
2402
6160
7922
5556
1771
931
2552
3224
221
2348
3547
5860
109
1291
9766
6347
5451
9016
4072
3180
599
7429
3189
2209
8729
7522
9751
6353
4759
3783
6510
7162
9943
4432
2719
1715
5364
5271
4939
5585
7619
8487
1446
7728
9778
1213
4075
5229
230
8148
8409
829
5577
1598
3038
4306
9121
2790
660
3881
6574
7171
1043
6517
1603
3762
8233
6968
9034
3173
2554
6653
1660
4000
4382
1438
5213
8458
6668
5443
6606
5077
6273
2183
6676
9311
6490
5797
2101
7150
9678
8675
4321
722
5193
5925
4485
3426
2893
3519
6600
5447
173
8260
9448
4556
9699
4662
3014
6367
105
9621
1445
6378
1805
8122
5690
8295
3920
7791
5446
3599
6467
9767
4321
1661
5693
8807
5088
8586
2326
1688
4034
2500
9948
3483
7056
9648
8145
71
6015
8250
9693
7461
4629
1498
5583
320
9794
9503
8111
5240
3102
4579
5008
7424
6240
701
6231
1328
9288
8558
3017
3323
1058
2966
6806
8115
2614
4951
8187
8630
3202
7880
6091
7832
9379
1675
8152
9173
1179
6264
4414
4282
843
9423
1706
7084
124
7937
8413
9413
6496
1430
2736
7554
4396
9542
5670
7010
4493
3857
5641
7696
1738
1732
5528
1118
3408
3680
291
4587
9944
4706
8869
788
4129
576
7872
4254
8514
6285
3667
5010
7716
6404
2565
2112
5946
8235
9123
440
2093
4764
8136
3832
6497
3665
4950
9905
7345
5242
4493
7289
9949
3363
8078
4078
3939
5950
8333
2453
2236
2001
7463
9952
8405
29
2065
4352
8265
1188
4793
358
5952
2930
4191
2449
6595
9141
2355
3940
4384
6848
1230
4333
211
9308
8412
4151
5259
6745
6604
7496
8747
4068
7449
7152
4098
9514
1505
2363
702
6298
2722
6654
9228
6913
9104
5824
6055
1459
9764
439
8308
995
4773
8520
304
3185
2671
5564
9931
9276
3060
8678
3345
509
5831
7444
24
7336
9807
726
3634
2529
7381
2863
9443
6486
8687
5498
7946
8452
5938
6254
9448
711
4775
9752
3897
7447
5316
3828
6724
8377
2506
70
8887
8337
7514
8911
5673
7321
9637
9308
9851
7019
2172
9294
3505
860
4793
1451
9312
732
7706
8760
1443
2481
8513
5341
9929
3830
9169
6653
2207
1675
6723
1094
12
4237
6
5686
1559
9644
4994
1410
6663
7167
705
169
8027
5498
1621
7339
6231
9327
6100
7675
1809
4613
3016
1738
8443
2185
8391
651
3860
5115
1746
3873
9353
1752
9559
912
1396
4554
2323
8060
1721
3028
8229
9748
8527
9850
7088
4758
9178
3188
2433
987
7802
5450
2726
6245
7635
1118
6897
1495
6233
8643
5369
5586
395
4928
6499
1791
9482
8822
9851
1203
1850
8081
951
378
7932
8040
5137
7110
1228
7570
8097
9030
3020
823
5276
656
1941
2173
2152
8175
817
7521
3761
1212
2449
261
3004
1932
9083
2856
3135
934
937
4087
1312
8869
2127
6449
5980
3356
4020
4077
2386
7041
4901
7663
7697
6843
9837
9849
5019
654
7370
8780
1866
9820
9041
4871
1752
8125
7727
4888
9059
8665
8976
371
7535
1104
6821
3515
4460
841
7593
6847
7882
2495
4510
5580
9338
4348
5429
4357
5002
2800
3138
6869
2620
2180
1740
4373
306
9468
9261
9365
8133
8238
9737
5669
9342
6558
9184
3802
7400
6778
650
5283
9273
5161
863
8612
9509
6293
2970
4512
9093
6109
1381
1714
8290
3121
6087
8596
2590
5349
7962
723
3587
7700
6393
2930
4258
5578
6733
1659
2356
7383
6942
1630
2544
7805
242
2054
4098
3213
6566
3192
9323
7947
4906
7613
1069
994
6210
3659
6344
4173
4383
9932
1873
776
2862
6132
6354
9595
7791
8711
6978
4733
341
9523
2539
584
1577
6638
3797
8144
9830
3121
6092
4737
735
7162
5731
6945
821
2075
1118
5205
2007
2991
5981
4870
9124
2336
4465
6915
1047
1444
1648
1389
967
4188
1973
2545
826
5771
690
656
8893
6782
5394
9628
3944
1125
6573
4766
3201
7692
9971
5209
684
5953
79
9808
8290
4545
6723
9338
5989
8372
727
6957
2560
2701
9502
3387
8473
193
4044
7366
6975
9438
6994
920
563
3567
5686
3765
1260
5658
8975
1944
1612
9055
1753
9902
3600
8477
9240
9590
6849
9968
6547
9410
2670
6050
2797
1143
6243
6841
8509
3219
6279
5504
4139
6843
9072
9826
609
332
5484
9585
2277
7096
8640
4030
6999
2241
2508
6240
1831
9357
6208
8379
8768
8878
4429
1566
22
672
8408
8532
3891
4687
4036
8031
1531
3108
7857
2141
3440
3341
1726
5718
438
366
9749
7437
2608
2257
3677
4440
1615
9886
2819
383
8765
7248
1950
8787
7921
358
7319
1813
5046
1355
9844
6577
4463
7702
8719
7904
1043
445
3623
1482
812
3372
8919
3421
5629
2597
7861
7245
2484
680
7629
1249
7929
9579
36
5850
9937
7356
7664
4983
8712
7509
1561
3176
5211
280
1080
6255
726
4703
7737
1539
8076
6657
4960
3706
9255
2821
951
1739
3501
8580
2989
1430
8160
3025
7281
8097
382
4946
3080
9094
2455
4642
2270
7666
4923
3351
3921
5649
8055
1659
7189
6131
8316
2149
9838
7572
4971
790
9311
8473
9371
2300
9904
7531
5326
7185
5628
5709
2132
8709
4803
4587
3351
7074
2253
8275
425
6175
3925
8481
7835
1114
4613
6152
3264
4451
3724
8235
5241
3036
6708
4612
5337
6613
2144
664
3799
7772
6373
5931
6482
1177
518
9834
8251
2772
8109
8677
8948
2034
7159
6783
3148
1772
2935
6412
6223
6660
4648
1465
9696
1357
6078
5033
7970
8222
5698
1769
5995
2071
7700
2477
3248
8219
2311
1500
991
420
178
9940
2455
7337
6723
5604
9109
9659
2016
5333
6319
6665
6799
6016
8022
2877
1050
5993
1100
6748
7763
7095
8820
5464
9573
2068
3683
1884
3569
4675
2305
3747
4615
4761
1084
1339
365
194
998
2382
5527
7318
9047
2326
3335
7070
5204
4385
3064
6304
1134
827
3400
9954
6291
2973
2023
9974
4858
5593
4650
7164
9340
9265
1925
425
604
2290
620
1603
4672
6147
8922
3720
8474
2257
791
3679
6643
3855
9984
7778
4682
3384
7732
973
6358
9756
948
1217
5350
5598
8381
4690
4864
307
5116
5468
2597
5736
7072
7270
1884
5994
991
359
8251
1782
4038
4894
5637
4022
2673
320
7407
405
1294
3765
162
2242
4982
5512
7841
3364
203
2705
3671
5320
8174
6269
1057
5246
3539
2942
1241
4531
3301
9492
6314
7339
4387
1952
1362
7060
2272
8769
7466
3566
2535
7629
5809
7518
3142
3651
882
3346
6357
4554
8666
4531
823
9723
9778
4363
2665
1019
8894
5967
512
5209
3307
4899
7161
4669
1960
9433
3439
9426
3000
5975
7056
8810
3493
198
2462
4376
3544
8819
8930
2211
3350
9753
1935
3129
4117
4601
4148
3011
568
4660
8220
3875
9560
5382
8545
1520
4816
1984
947
7817
7960
8004
6627
1453
8202
9089
5830
1747
7909
4760
3958
1260
4514
5894
4389
8631
495
8538
1643
1063
3198
9864
4939
2759
5246
3485
4280
62
5470
5228
7879
3430
3232
4507
4884
1435
3597
714
3182
1507
5475
7141
2767
9989
3035
7156
8621
3531
5694
265
4595
8893
129
9534
1653
5376
3019
5933
5439
8490
1161
3319
1920
4394
7827
6804
5829
1425
7518
9012
2932
2993
6154
5699
2983
9190
2855
1604
2721
8550
1869
7316
7444
1999
6851
9097
7375
9871
5031
2815
8361
6193
6134
282
587
3961
7086
6417
5386
4605
5430
8318
7599
1585
4018
582
775
6874
2187
3497
5424
4057
814
2869
6056
7666
1966
3432
7537
6997
6247
5899
3190
2382
6181
3778
6344
3268
195
1731
7874
5626
50
5473
7211
4068
6056
7987
942
8243
1484
6367
2301
2298
9236
8358
9965
1203
1790
7502
8200
8038
3402
1391
421
9584
5170
6765
2853
5365
8497
727
992
8547
6201
8203
2615
2257
6190
3558
501
7675
9925
2803
9973
9162
1161
9939
365
2952
7442
8566
991
844
9958
1412
429
5128
8178
3282
494
6675
4010
1486
5222
211
9690
7838
2469
5880
1397
2971
3555
1323
5774
3529
485
6935
3468
851
9888
910
9418
879
1755
9376
2291
2185
4504
470
5467
4999
7145
9478
6485
2368
9690
6176
206
2159
2056
1603
5131
5612
2926
905
9142
3412
7841
2611
4263
7729
3522
3681
8608
5278
3058
900
7463
7563
1371
2931
2562
8516
2409
9048
885
2099
5224
1092
4259
7281
2696
9390
2894
5623
296
2037
9035
8137
4648
3299
5867
8171
6981
4476
3449
39
5377
912
7603
6748
3843
165
5265
6253
9214
6150
8352
4438
7242
2612
1720
9939
2002
4614
5562
2298
6651
4598
436
1300
7898
6303
9472
4879
779
2921
4919
6156
3834
2522
2905
7678
2688
8170
3931
1902
4320
2283
6341
1563
4895
8061
1503
6898
2676
7065
9196
9328
1664
9632
628
9562
5936
100
4442
6716
3022
9361
2872
6856
1884
5778
4534
4573
3948
8465
6475
8269
749
2816
9833
5645
878
1336
2543
3554
8402
1740
2882
66
1373
3511
9628
7310
3612
4070
4026
6635
3432
6899
3491
5317
2677
8026
9890
6625
6492
6366
4894
7242
9183
4728
2887
61
6064
5431
3615
4467
7172
6498
4533
8545
10
4162
5855
3623
8233
9881
258
1666
6781
3749
6983
9458
1776
6873
6083
8268
3240
978
5510
2423
5706
8398
2484
1771
3829
6100
6239
1002
2599
772
9547
2609
4935
5403
6232
3168
5285
6490
4835
2066
240
1818
1524
2017
8692
7608
285
1932
8586
5796
4355
4293
4195
6840
6065
8025
2940
2304
9027
5540
3077
8574
8149
8013
3978
4382
1182
9263
873
6017
1330
1114
7835
2855
3131
6528
463
3416
8461
9050
9213
2817
3344
3408
9657
9409
1434
2598
1714
461
8138
4792
9036
6288
2805
3014
671
3987
2278
1544
5
3609
2658
7841
6464
5789
4369
6927
9206
2830
5977
8420
5647
9322
1829
5305
8732
3263
7903
446
3724
6042
5239
2760
2330
8045
5774
3001
2033
8053
4545
2038
1662
7204
9879
8126
2994
4249
5054
2200
7079
1032
620
2727
354
2449
8032
9086
5712
5935
9533
9437
1977
4773
2197
4308
2818
7972
7309
4851
6025
1855
6890
7688
9060
6769
5815
2054
1018
869
4254
8098
1901
4875
825
2256
7325
8858
1342
3038
4794
876
2475
6772
5649
4672
1080
8467
2645
8390
3319
8671
246
209
6359
9306
6979
2174
1361
7998
3044
5616
6097
4946
491
6923
7202
7817
5781
8545
855
575
9421
3330
7348
5071
8003
8428
3539
648
6818
6858
9319
7065
7068
5679
6371
4048
7854
7733
2047
898
3349
8144
5845
3840
5067
3047
1657
849
1593
2513
1425
1014
5844
8773
6085
3847
7202
9625
4496
4021
6484
3816
1086
3552
9496
7458
7601
7350
5191
9648
8249
8540
7793
4094
2381
2860
7142
4039
3710
8735
6552
5135
9750
2396
3909
5836
6244
1111
5461
741
5132
1945
4558
6218
5498
4054
3676
3099
1405
8868
2748
9655
7408
541
3749
9789
3402
892
3828
7112
9628
381
2248
9378
2778
6157
5215
9023
7268
676
9765
2401
2622
4323
8619
8120
8378
2296
1220
9783
1164
3969
9438
8573
4510
3188
8362
7913
4080
2191
5026
3709
2573
7274
3087
5351
3432
8302
4375
701
8979
4140
3102
1601
8464
1721
9722
6842
4018
942
6625
5183
4911
6064
3756
9422
9252
2119
7335
3333
4310
2361
7042
6884
9636
130
2236
3068
8433
6611
3769
7412
751
6871
9013
9215
8593
8736
6058
2611
9678
2683
7794
4590
8747
1551
4012
8000
3670
1348
1333
7981
3709
8376
4865
3345
8506
7101
6414
6939
3712
183
4352
4464
7055
3365
3680
5648
2102
9738
8260
1780
2422
6055
6371
1170
7607
383
9170
1277
1732
504
9258
5441
8880
4123
8787
7387
1225
5201
4327
4938
5385
8679
9403
2440
2045
3084
8089
4147
2822
6350
5927
5245
2406
2299
6415
13
2682
5586
1291
4414
6091
549
9856
4971
4673
8644
2359
5899
3846
6686
837
9231
5365
241
1672
7410
3325
9762
1558
6148
6113
7486
1393
8520
9785
7809
8534
2467
3396
9825
6882
9487
375
6739
4459
5049
5384
6818
949
9230
3505
1786
8462
8870
2027
135
6281
5352
9897
7840
1500
6011
5326
2894
4531
5111
704
3066
7579
4100
2891
4462
3587
3267
1201
8047
8317
6586
4865
9266
5816
8371
1053
4279
7242
3081
4414
3523
8434
4312
1363
9935
323
6690
2829
4855
1801
3533
7921
9380
7633
813
3842
1221
4081
5044
9268
2398
1630
4134
1665
7447
2505
2718
1726
9747
5799
6140
3271
4233
452
4635
4168
776
1325
6998
5631
3126
531
3553
2506
8165
4367
6349
9386
8448
1393
8655
847
3024
2789
2512
471
5294
5230
2198
5042
1030
8338
8313
5264
8791
2948
9432
9567
4273
6431
5199
7400
6962
8753
9907
5128
3120
6256
4515
1568
7650
3170
2415
674
5960
4928
1146
1255
159
3344
6297
1189
1683
4610
6453
474
7559
5886
42
1833
2317
5242
9233
9280
3995
9140
4409
7116
5396
8924
8685
3047
2095
1100
3722
8056
6029
4868
9311
6188
8213
5608
7377
9897
219
3831
372
7778
9717
414
9611
2035
5657
8845
1316
9653
7985
5726
6769
3382
4650
5454
6429
6746
6555
152
4802
2584
5021
4113
8772
3234
9722
6150
3131
9941
9981
3503
7720
9699
3918
7332
1735
9576
6178
3052
9229
4163
8778
5999
7546
3429
1454
3976
175
8010
4128
4978
595
9149
9092
9368
2384
8814
5518
5515
8756
5500
9019
6477
5200
2938
3810
6936
2514
9988
9989
1744
4151
8767
7744
1698
2197
9199
5674
2373
7209
9802
7351
7805
8952
6443
7173
1336
5258
2692
6852
4015
8193
5872
492
3393
8810
4302
330
1325
4291
319
3070
8443
9087
815
141
1284
14
5816
3657
7224
5619
1009
5029
4571
7452
2202
5908
2711
4895
2760
6726
3088
8633
7219
6482
7444
1522
6812
8769
5813
7132
1840
4256
6219
2655
4398
7503
2670
214
1161
9894
5833
2170
4924
404
9623
7127
6313
2334
2022
9074
9061
5110
7707
6280
1593
5151
7802
8405
3921
3615
5537
5762
7872
1756
8417
2270
9260
1088
2484
421
983
8317
2591
5907
8722
2215
3034
5035
4549
5056
4109
3610
167
1817
9891
1760
6968
7693
166
890
1309
5704
6652
9181
7461
5069
1452
6721
6158
3937
7143
7141
2255
9735
3048
977
1950
6083
6013
6500
1140
123
111
1307
1940
2
3068
8909
7695
3234
9799
9005
8939
6451
8187
6400
1521
9639
3121
7679
3577
265
4821
5832
0
7869
6810
1951
3953
2824
8451
5093
2947
8562
6401
4888
8564
9469
3797
6260
2704
3597
5266
1643
48
3453
8044
1570
3093
1166
9250
6670
1431
4071
2503
1432
1940
9313
3383
5893
2137
1835
987
5085
397
7388
9973
8962
6858
3771
5223
9562
7369
489
1206
7417
3943
9250
8988
7036
416
8238
3707
1848
2309
6210
3280
4250
5523
6663
144
7661
8499
1131
2746
8896
8520
2720
7859
5378
6492
3083
4941
3861
3573
6147
1279
7516
5398
267
4553
5815
8506
8260
7663
815
4470
944
5066
9994
7607
5211
7655
6107
6343
402
5004
4863
3122
2863
241
9615
5947
5183
3476
9520
1330
4755
7036
6729
5023
1589
2545
3529
9850
208
4345
4320
1152
9411
4315
8760
4622
1970
4867
966
2373
9871
5829
5496
2735
6071
5111
8682
1254
8587
8203
2585
3343
5239
9315
8366
6829
1860
1895
6679
2068
6240
1000
3221
5652
5315
1982
275
7286
6850
1241
9660
6722
7070
5156
9457
3141
267
8140
4396
8855
6344
6981
2198
1584
6296
565
8413
8156
2461
5093
225
8701
6094
3447
4354
1410
5429
4629
8696
2279
5870
8356
9002
2940
3513
8460
6082
3781
6600
479
2636
2945
7460
4835
4529
3757
5401
2943
1914
7862
8036
2139
6563
4130
5587
917
5540
1016
5546
4237
3296
1417
2594
2299
4358
6108
759
440
9889
7360
919
2526
305
8380
7361
4834
2138
2762
7777
4052
625
5814
6191
7188
9944
1779
8106
5485
2795
3653
9723
6092
5070
2318
8391
9428
8426
9150
9869
8315
6511
789
841
6816
9170
8203
1650
1308
966
9428
5360
1591
5242
1552
8779
5187
3331
6886
673
6127
540
396
2220
5611
2714
612
5040
1140
9763
4909
9456
6274
5699
297
3090
4870
8500
4741
6178
9466
4169
1539
1057
9412
3091
9837
4599
6423
6724
5272
2550
7264
5669
4771
2875
8383
5383
7915
9524
5146
2825
8980
1421
8525
9278
4511
3395
7778
9253
9574
7245
3422
1113
8303
2834
4204
8140
7434
628
4865
2706
3178
2129
8376
7950
5005
6760
3334
2921
6284
8481
5747
5265
9902
4273
4544
4414
7669
2322
3667
7243
9568
7090
8356
7871
9924
2561
6012
7359
3189
878
65
6368
3007
8442
4318
8013
5202
7652
935
1487
6133
6682
6752
6036
956
1296
450
8625
3619
4117
5868
3188
1207
4225
1060
1132
6786
7073
8491
9976
7951
8557
6345
959
6999
664
8972
2201
8317
9908
3688
4451
6591
441
487
7547
1738
937
6172
5358
5055
2041
8547
6263
6266
9607
7395
3053
6680
5887
3030
4631
4444
9375
5591
1444
39
4564
3645
8357
4472
7334
2808
1063
7776
3295
8610
9514
4233
4783
4873
9288
6825
3420
5551
3092
3027
2947
6146
9708
8834
9176
4340
3279
8552
9931
4723
8592
4495
8369
6949
8968
5703
9757
31
3480
3053
8642
2994
7286
3426
7868
6575
251
1288
2127
3344
4316
5074
9490
4025
3909
8666
8365
7188
7219
8297
1912
5811
2793
281
2760
1761
5984
2518
1793
9465
5571
436
2459
2858
3862
328
9433
4114
1617
1560
7458
5934
6635
6948
9959
545
5615
8325
7734
2835
6623
9646
8646
9416
9927
1407
1178
5912
3925
2971
5377
9497
3408
7837
2355
7270
8166
1788
1385
9783
3349
8844
5717
9985
5793
5676
530
1409
4002
8264
4244
625
7910
2890
42
7838
4298
1220
3751
8224
4192
9128
7721
7600
6966
76
4871
5132
1864
6256
4915
5214
5101
633
5199
894
6310
5729
2303
312
3994
6547
938
1905
9438
980
9744
3737
2200
3495
1961
6392
2624
9682
3993
9591
9758
8864
4723
1623
5121
9639
6838
222
272
2037
1117
6583
7767
3420
6895
1761
9968
7834
3667
9407
8814
3411
3144
1014
6906
5105
7407
9531
4787
1400
9122
4546
264
3845
6170
5386
3485
3008
5608
3758
5045
6725
341
2813
146
7237
4574
115
5071
8242
9522
3885
1653
2667
4900
8560
7772
2307
8091
2560
3708
7213
7107
3973
1059
3277
9359
4544
6285
4968
8302
1331
1693
8644
4144
1840
5881
8719
1955
952
6961
1477
4838
8614
4144
9738
7175
1917
2046
5266
4478
5754
2479
1585
9728
3539
4862
9087
8083
1147
4055
6386
2479
5749
5030
6623
7589
911
5342
9544
1864
2304
1022
6703
919
5167
6441
8094
7084
8488
3360
1562
4243
5840
3147
3971
9379
8010
3058
7463
9157
7114
3849
1637
2863
8879
8260
452
9791
3603
9996
1655
5907
1019
8358
6826
6186
4800
4921
3271
3289
8282
4833
7532
4122
7981
1503
3502
5991
4562
965
5149
1676
4815
6786
4539
3694
5047
4992
3486
8650
4989
5141
4558
6008
3500
1385
2194
8301
6306
5466
1590
4589
299
9123
8712
8281
626
2214
4273
5189
3180
9422
6865
7995
6209
1405
1690
1256
6397
5176
9907
1387
318
4466
7395
3819
5851
9590
2120
2158
5056
3711
6747
5356
2834
5459
3637
3461
7674
7910
8650
854
7333
5516
8850
3542
6922
541
4799
3320
5717
4707
4707
6036
9173
2103
9855
5024
1693
1976
7183
6750
5687
3931
2106
8521
9390
5744
1983
7065
3655
633
7920
988
6150
6770
4531
3072
7311
9331
6392
3029
4038
1100
9065
3211
3203
8920
8236
4896
896
5420
1646
6584
9351
3753
5106
8742
9498
7089
5807
3153
7723
3727
4142
3873
498
8673
6945
7809
8005
3338
839
2043
4438
9904
5255
7641
8825
3492
2538
9721
8912
4185
6306
8264
7938
1412
7006
7436
8501
2813
590
6224
6541
4732
97
7039
3406
7043
4849
1411
382
5688
3455
4820
5592
8711
2462
4417
2204
5000
4139
1117
9185
445
9381
7124
1857
6387
4561
359
9200
5151
6583
5742
9884
6681
2781
3290
3725
7630
4702
4107
3318
8158
8928
8911
6870
1390
3329
9074
6391
7468
191
5576
7914
9572
2701
9772
5960
7263
131
5161
2414
6715
903
2299
3397
3684
5590
7123
1314
292
1230
4633
8451
159
3544
5321
1549
6873
4396
7941
4342
4587
3517
2257
4160
6219
2029
120
3482
2161
5281
5897
8876
6184
8196
2274
9869
3786
9397
1183
4079
628
5817
2530
787
9361
7852
2337
6235
2248
278
578
6835
3796
2835
996
15
4865
1116
3498
7026
6398
9395
5903
2583
7592
8178
2452
1378
7575
3636
5458
8203
9454
7988
8991
8816
5840
1328
5051
8089
1606
5630
4925
5403
8466
5921
5419
3332
7038
8917
358
3437
8312
6262
6020
5905
4440
8473
7283
2016
2110
2741
220
1564
730
9211
380
6571
539
5432
4660
2146
1062
9586
7549
9529
5507
2968
2861
2546
1885
3220
5983
198
9482
2003
6103
3923
477
3387
5940
2587
6129
6160
4151
6860
5371
4532
3432
5911
9964
8093
8057
1027
7679
5607
556
3186
8575
3417
5733
461
6637
1716
660
6120
3720
6764
44
4197
152
5985
6785
6282
2145
936
3142
7517
5469
6574
3429
5433
4667
1486
6461
2347
7093
7017
5534
5669
435
1267
6131
7072
2983
6791
3193
6703
3556
3238
901
3708
9223
7686
9990
1369
8623
3133
8887
4092
9707
2316
9526
4375
3803
5987
6722
896
3004
2257
6566
3439
3524
2697
512
6507
9489
3706
3211
3045
6945
4112
6754
6169
1798
6744
7538
421
9878
6426
4514
9585
8742
4040
3961
2546
27
684
3443
3032
2941
9
6472
6466
2707
6985
2973
2196
691
6185
5242
7637
297
1996
3806
2096
8741
1345
2517
8619
7771
7031
8205
6514
1072
2167
9060
1099
2851
2503
4132
5793
2513
604
2259
5220
7589
5233
7416
8281
1418
2659
5918
1715
4655
9724
3811
3396
1069
6329
2015
8841
3361
221
5355
4433
2388
4416
5533
5240
6919
9666
1033
9432
270
3293
4653
7860
8526
2070
6141
9944
4729
2059
1660
9384
1784
5472
2781
2853
1802
4797
1695
5163
5018
7050
9597
7406
1467
5131
2646
8386
4797
3680
7819
5068
6973
2473
2928
5499
4543
9069
5444
9272
1129
7104
8656
2913
2577
1438
5767
4379
6235
7462
9543
1253
4513
9140
8659
5980
4272
1306
4367
9070
4986
2187
4138
1959
4660
7066
7459
9203
6135
2903
8476
7265
8
7133
178
2585
8571
5946
6965
4806
3409
6508
6059
7923
5649
4719
3903
9921
6025
8271
8991
1012
458
3130
2971
5119
196
430
4323
6332
3334
2799
3597
3343
9932
3776
5928
8504
9723
2894
3310
3132
9402
9370
1055
5052
4089
4959
4974
115
3231
3966
1127
3689
7096
4099
8809
7292
4529
3132
3625
7864
5931
7222
1207
5864
998
7136
4368
722
30
7679
3854
9433
7049
4910
4486
1139
9869
9460
1254
3101
3427
2382
6790
523
6481
5600
7816
1011
8732
1441
8875
4664
8663
83
528
9662
7219
4897
385
7250
2576
4239
6684
9625
9150
1170
764
9020
630
2019
2121
4057
4401
8911
4581
882
4512
2397
1893
3244
3839
769
7908
2503
852
8437
2166
8072
3335
2551
5322
5912
6790
2006
5537
5940
3176
6302
4960
3807
8322
7082
7865
2723
5993
2446
3606
505
4844
5500
3750
8683
6269
1659
1186
7122
97
3353
5194
3432
5904
517
9344
2695
2523
4882
8636
5700
1185
3597
9507
9507
679
7373
2231
6672
9819
5837
7178
4664
1338
929
3348
7608
2588
4535
4730
2686
7888
9925
6118
3792
442
5463
6487
2965
346
5123
8666
1531
8721
8173
1039
9400
5546
3270
6073
5366
9108
3251
31
447
4181
3379
8055
6770
7914
2785
9456
5803
2710
5575
9596
3153
1038
6083
6118
1384
1207
4785
2916
9928
2958
3955
9328
8505
7226
5402
3872
6334
8654
3904
6781
2835
7283
4837
9605
5198
7622
9061
1002
333
4636
598
3486
5675
6682
9605
7059
7889
4390
9975
7818
7349
3931
7147
5855
1157
2549
9728
7492
1203
3632
4274
4039
916
9111
3644
6115
6734
2706
7117
7067
7343
7715
554
3019
4397
159
78
2287
4550
54
106
1900
3986
7253
7755
5143
9803
7484
2635
1007
1116
6910
5046
2033
6021
8691
8148
2755
1398
5265
9823
8741
2981
377
1760
7378
537
1839
9666
5088
1894
9772
6988
5880
7026
4744
1024
6830
2228
3660
7837
3344
570
2884
5378
6592
1575
3526
9348
2973
8792
9172
1715
1773
9549
3476
9152
87
5315
8818
5176
7210
8591
2164
3090
5618
6909
4115
2448
9137
7775
286
2482
8345
3170
7860
4938
4745
1386
4286
7719
179
3458
9434
1952
3008
2911
1104
3096
8226
9923
8272
5437
8515
437
8528
4133
7346
2643
6581
6484
418
6867
8966
8764
38
6827
3702
4784
8214
7989
2503
8393
1448
1938
345
4456
4849
1450
7553
3076
1374
5825
8514
9889
6263
7042
4022
3609
9685
604
94
104
7472
9060
8869
7510
5888
2571
2294
4102
561
4798
2496
2009
6737
2842
6465
1586
4292
4019
4663
5667
9844
3177
5557
6107
220
9580
9717
9905
184
9811
10
7656
8872
8879
5167
4760
1451
7461
8863
2012
2260
1359
4021
8997
4201
487
584
8494
4506
5247
4161
4351
8425
9719
459
8645
9299
176
8551
9483
9988
8562
7140
8860
7441
2307
3621
8892
9769
2485
905
2029
3844
4927
1026
8046
5415
1611
6540
9922
6858
702
4273
5284
421
4733
3930
9720
4909
2482
9204
4898
1044
6344
3759
8486
8652
7381
7378
8421
9866
8284
451
3710
3211
1478
1756
8627
3089
8297
8549
9948
8999
2822
5232
9421
7555
9163
9141
2465
1645
8345
7364
2689
4690
1123
1175
3342
8504
8554
1764
8370
6839
2215
2081
51
3693
3837
8678
6783
2134
7227
6731
1134
50
1964
555
7605
1127
9697
71
2772
8042
7435
5462
2733
8559
6638
6075
7063
5193
7839
5434
2032
54
7515
2083
3748
1353
761
531
3487
7988
7263
4622
8038
9227
5178
5644
354
4875
5716
3127
2918
3152
8589
5651
1711
5228
1726
8775
421
9565
4209
2453
9620
1724
4537
3369
3077
5298
3901
6565
3287
1164
1188
1326
391
6366
6971
746
1241
2687
3873
4159
5840
2463
9810
7551
7691
1537
6326
8112
1102
535
566
723
2260
5103
4093
5338
402
7995
1904
3689
9159
3092
5016
9551
9458
1987
297
700
4675
4171
4859
516
6634
4670
8067
4325
6207
4394
2438
7310
4930
3004
8034
7190
8107
2127
2529
8509
122
4433
2199
9282
7525
7216
8833
6984
9204
9131
7684
3880
3302
2543
4396
9937
7214
2463
4262
3421
6858
6701
731
1788
9705
8765
8978
7813
893
1507
6323
1016
5940
8523
298
3466
5739
9132
450
4943
8264
8134
8823
1566
678
3220
1503
7892
5684
5766
1314
2542
2467
2045
4330
2173
811
3308
9986
1704
4816
6310
2721
757
4833
3019
4223
573
2152
4674
5516
416
2809
4340
1983
3488
7560
3487
1381
3244
9253
2695
5787
1721
4740
117
3895
5552
3425
3881
7257
8242
192
9978
9000
5025
2998
3224
5598
5150
7898
1115
5567
708
5456
7550
4196
3017
1037
5577
6262
291
8272
2049
2013
3013
2166
5908
8565
5592
9789
5823
3835
9982
5801
2835
5007
8799
6059
606
3950
3958
1722
9517
4666
7178
7067
8862
196
8104
4439
6458
8396
2712
8507
409
5725
674
6317
4291
6266
6107
114
101
6089
5915
2936
1097
4715
8996
1704
8665
2954
3426
8182
7620
605
5250
6482
801
3355
922
7259
1751
3634
5767
2161
9359
6441
8478
3651
2707
4586
3765
2809
675
9681
5745
1773
4396
4741
3477
3062
7695
6904
1245
5316
7509
6495
1798
8310
9850
2720
5570
1602
6355
1337
3763
5714
7779
2241
9365
486
6827
3131
3296
7503
2812
9042
9276
7209
3783
2754
271
1479
9658
1517
6796
7167
8012
8594
5478
7863
1315
1048
9465
7670
2386
3228
3385
165
5470
2751
652
2298
5882
3948
9802
8695
2990
9078
5904
6774
1832
6176
8254
1491
7693
5050
8658
5706
3645
4137
3569
4960
5185
3035
2631
7572
6263
6017
7738
1734
8768
8390
4033
4651
2339
3835
3346
5329
2914
9251
2104
4747
5427
358
6238
3121
5409
4896
8827
9054
9034
2396
4015
4220
5431
6647
1792
1695
2664
9530
3430
1433
7921
7463
6084
260
1298
9430
5590
4212
8681
7694
8960
4109
8053
5198
7230
3463
95
6057
2518
9129
8454
6533
3349
3885
3181
5141
5581
5845
4672
9011
7278
2593
6475
3363
2854
7774
2793
8444
1987
1475
6139
947
5584
4193
6145
2815
7656
6240
8872
174
5369
7327
6708
8719
1213
9889
3860
6794
5735
8533
5806
3014
1127
2281
6377
3981
56
9171
2426
2043
646
8566
2990
6231
2759
9136
9047
416
5376
7919
591
746
5247
7299
9465
6460
7189
3326
3254
2924
1860
9061
5939
2987
1343
2316
6969
1399
1487
9395
3443
2134
7962
6433
8366
721
5570
7413
1138
946
5333
1729
1693
580
9029
1159
7040
6218
4485
295
9143
6345
9357
5082
9333
700
7399
6302
2099
8887
5698
5542
1022
3660
1976
9388
4382
7546
6802
5520
8493
2136
7250
187
2716
6279
1346
9757
2498
5832
53
1641
2178
9410
6724
1511
110
4124
7813
2210
3012
3512
7753
4034
7172
9730
3423
1554
7276
225
7075
5770
2362
4326
5957
5078
605
7304
4836
3104
3136
4889
4746
5314
4299
1471
6826
4410
5595
4640
6621
8607
8152
4374
2641
5324
4104
6065
6879
1381
6291
3955
7152
8653
8281
3110
3732
8887